12.5 10.5 10.5 14.5 20.5 23 23 22.5 20.5 17.25 15.5 16 17.25 18.5 18.75 17.5 15.25 12.25 8.75 6.5 7 9.25 11 12.5 20.75 43.5 72.25 90.25 89.5 81.5 90 111.5 124.25 127.5 124.5 116.25 111 101.25 80.25 64.75 70.5 94 115.75 119.25 94.5 54.75 27.75 16.5 13.25 11.75 10.25 9.75 9.75 11 12 12 12.75 15.25 20.5 28 33 41.5 62 90.5 112.75 114.75 106.75 103.5 106.75 108.25 102.25 95 97 105.5 104.5 96.25 97 111.5 130.5 132.25 113.25 101.5 104.25 106 104 102.5 113.25 135.25 139.5 125.25 119 120.5 
23.75 23.5 21.75 19.75 17.25 14.75 13 12.25 13.25 15 16.75 17.5 16.75 16.5 17.25 16 13.25 11.75 12 13 13.75 12.25 9 7.5 7.75 9 13.5 21.5 29.25 38.75 51.75 67 89.75 109.5 111.25 111.75 114.75 105.75 92.25 88.5 93.5 97.25 95.25 85.25 70.75 69.25 86.25 93.25 70 38.75 22.25 15 11 10 9.75 9.25 9 9.5 10.5 11.5 13.75 20.25 32 51.5 73.25 76.75 64.5 61 80 109.5 136.75 152.5 141.75 117.25 105.75 109 108.75 100.25 105.75 131.5 149.75 150.75 147 144.25 137.75 137.5 155.75 171 163.5 145.25 137.75 151.5 
20.25 22.25 23.75 22.75 21 18.75 16.75 16.25 15.75 14.75 13 14.25 17.5 18.5 17.5 14.25 10 7.25 6.5 6.5 7 10.25 18.5 44.5 80 97 110.25 122.5 115.5 116 119.75 100.5 84.5 87.75 97 99.5 88 66.5 53.75 55.25 60.25 64 54.75 34.5 21.25 15.5 11 9 9 9 9 8.25 8.5 10.25 12.75 15.75 18.25 27 49 76.25 84.5 79.25 77.75 82 99.25 126 148.5 154 144 137.5 136.25 132.25 131 132.75 128.5 110.5 113.5 140 142.75 136.5 147.5 143.75 124.25 125.75 139.75 150.5 144.25 132.25 140.5 148.75 142.75 141 
25 22 18 16.25 18.75 22.25 23 20.75 15.5 10.5 9 10.5 12 11.5 10.5 11.25 13 14.75 15.75 15.5 14 11.25 7.75 6.5 8.25 10.25 12.5 16.5 22.75 35 48.75 58.5 68.75 74.75 75 80.5 92.75 92 73 62.5 69.5 79.5 85 79.25 75 85.25 91 76.25 49.5 28.25 17.25 13 11 9.5 8.75 8.5 8.5 9.5 11.25 12 13 20.25 34.5 52 68 71.5 60.75 49.75 52.5 65 77.75 89.75 100.25 105 102.25 99 93.5 82.5 77.25 92.25 122.75 139.25 124.25 94.75 72.25 61.5 62.75 70.5 71.5 62.75 54.25 53.5 
15.5 14.5 13.75 13.75 17 21.5 24 24.5 22.25 18.75 15.75 13.75 12.25 13.25 17.25 20.25 20 16.75 12.25 8.75 6.75 7 9.25 12.5 18.75 33.25 54 65.75 67 71 83.25 92 91.75 85.5 72 69.75 85 94.75 88.25 78 72 81.5 118.5 149.25 128.5 76 38 21.25 15 13 11.75 10.5 9.75 9.5 11.5 14.5 14.75 14.5 18.75 24.75 33 47.5 62.25 71.75 81.5 93.25 98.25 96.25 103 111.25 104.25 94 87.75 88.5 96.5 100.5 99.5 96.75 91.5 86.5 86 98 121.5 138.25 138.5 130.25 126.5 127 123.75 119.75 124 142.5 
21.25 20.5 18.5 15.25 13 12.75 14 16 16.75 16.5 16.25 15.5 15.75 14.75 12.25 11.5 12 13 13.5 12.5 9.25 7.25 7.75 7.25 9.25 16.75 25.75 34.5 43 51.25 61.75 72.75 80.25 85.75 88.75 87.25 80.5 75 83.25 96 92.25 74.25 62 67.5 89.5 97.75 70.5 38.5 23.25 16.25 12.25 10.5 9.75 9.25 8.5 8.25 9 9.5 11 15 22.25 35 52.25 62.25 58.5 55.25 65 80.75 93 98.5 99.25 95.5 86 80.25 83.5 89.25 90.25 87.25 94.75 112.5 115.25 101.5 94 96.5 101.25 106.25 110 110.25 106.25 104 104.25 97.75 
23.5 23 21.5 19.75 18 16 13.5 11.75 12.5 15.5 18 18.5 17.75 16.75 16.25 15.75 14.5 12 10.75 12.25 13 11.5 9.25 7 6.5 8.25 12.25 17.75 25.25 34 39.25 45 65.5 100.75 129.5 139.25 139.25 133.5 122.75 124.25 141.25 148.5 129.25 97.25 78.5 93 127 123.5 77 38.75 22.25 15.5 12.75 11.5 10.5 9.5 8.75 8.75 9.5 10 11.25 15 25.25 41.5 57.25 61.25 54.75 64 95.75 121.5 133.25 143.75 149.25 139.75 118 99.25 86.5 78.25 89.75 129 167.75 173.25 150.25 125.5 106.5 96.75 106 125 132.25 127 132.25 151.25 
24 23.5 21.25 18.5 16.75 16.75 17 15.75 13.25 11.5 10.75 10.5 11.75 13 12.25 11 11.25 13.75 16.25 16.5 14.75 11 7.5 6.75 8 12.25 20.25 28 29.5 31.25 46.25 74 94 87.75 81 93.5 99.5 99.25 113.25 125.5 119.25 109 100 86 93 110.75 97.75 62 34.75 23.25 16.25 14 13 11 9.75 9 9 10 11.5 12.5 16.5 25.5 41.25 61 69.5 64 65 79.5 105.25 128.25 128.25 116.5 116.25 127.5 130 114.5 93.25 81 88.5 121.75 163.75 180.25 159.5 132.5 119.5 123.5 139.75 154.25 152 129.5 117.25 125 
23.25 24.75 23.5 20.75 18.5 17 15.75 14.5 14 13.75 13.5 14 15.25 16.5 16.5 14.5 12 11.25 12.75 15 15.5 14.5 12.25 8.75 7 7.75 8.5 8.25 10 17 30 49.5 65 70 71.25 76.75 85.5 84 76 76.5 80.25 81.75 88.5 94 87.5 78.25 84 99.75 107.25 98 68.25 36 20 14.5 12.75 12 11 9.75 9.25 9.75 9.5 9.25 12.75 21.75 36.75 57.5 73 71.75 61.5 60 71.5 90.5 103.5 102.25 98.5 94 84.5 77.5 76 79.75 86.25 97.25 108.25 108.75 103.5 100 100.75 102.5 113.75 132.25 144.75 155.75 
17.25 20.75 22 20.25 17 13.25 12 14 16.25 16.25 13.75 10 7.75 7.75 8 9.25 11.5 15.75 28.5 48.5 62 72 94.5 110 100 87.25 85.75 91.25 90.75 77 66 62.75 59.75 55 53.75 68 86 73 40 20.25 13 10.5 9.5 10.25 10.5 9.75 9.5 8.5 9.5 11.25 15 29 51.5 70 77.75 77.75 78 75.75 74.75 93.25 129.5 151.5 144.5 132.75 129.25 133 132 121.25 119 127.75 130.25 124.75 120.25 120 129.75 141 144.5 141.5 132.25 125.25 125.5 119.5 103.25 98 106.5 113.75 120.75 129.75 131 118.5 104.25 102.5 
20.75 23.5 24.75 23.75 21.25 18 16.5 15.25 13.75 13.5 12.5 12.25 12.5 13.25 14.75 14.5 13 11.5 11.5 13.75 16.25 16.5 13.75 9.5 7.25 7 7 8 12.25 20.5 30.25 43 60.5 77.5 88.25 90.25 84.75 78 75.75 81.25 106 142.75 142.25 103.5 70 54.25 55.5 71 75 52.25 31.5 22.75 16 12 10.25 9.25 8.5 7.5 7.5 8.5 9 10.75 14.75 22.75 38.75 62.5 79 72.5 67.25 89 117.25 128.25 131.25 124.5 112.5 100.5 81.75 69.5 66.25 68.75 93.5 146 183.75 185.5 164.5 125 97.25 111.25 139.75 149.75 147 146.5 
16 16.25 15.25 13 11.5 11.5 15.5 20.75 22.75 21.75 20.5 19 17.75 15.75 15 17.5 18 16.75 16 13.5 10 7 6.25 7.25 9 14.5 22.25 28.75 39.25 58.25 77.75 87.5 85.75 94.75 108 109 102.25 91 88.75 89.25 77 60.25 65.75 86.5 107.75 118.5 89.5 44.5 23.75 17.5 12.25 10.75 10.5 8.75 8.25 8.25 8.5 9.5 10.5 14.75 25 39 54.5 64 64.5 69.75 88.75 110.25 120.25 113 100.75 98.75 101.5 101.25 90.75 91.25 108.5 111.5 107 114.5 119.5 107.25 98.25 102.5 115.25 133.75 135.25 124.25 109.5 111.5 127.75 118.75 
20.5 23.25 22.75 20.75 18.75 17.25 16.25 15.5 15 13.75 12.25 11.75 12 12.5 13.5 13 11.25 11 13 15.75 17 14.5 10.25 6.75 5.75 6.75 8.25 14 24.75 30.25 29.75 41.25 70 93.75 99.75 102.5 105.25 97.25 81 71.25 75.75 81.25 80.25 76.5 68.5 63 65.5 73 65 39.75 23 16.75 13 11.25 10.5 10 9.75 9.25 9.25 9.75 11.25 16 24.5 40 64.25 79.5 80 77.75 79 83.25 86.75 95.25 110.75 128 135.5 121.25 98.75 85 75.25 80 110.75 128.5 124.25 138 143.75 119.75 116.75 131.25 128.5 121.25 113.5 115.25 
22.25 23.25 21.75 19.5 17 14.75 12.75 11.25 12.75 17 19.75 18.25 13 8.75 7.25 7.5 10.5 13.5 18.75 29 47 71 80.75 77.5 78.5 83.25 96.5 109.75 103.25 96 98.25 92.5 86 79.25 62.5 57.25 74.25 94.5 93.5 65 35.5 21 15.25 12.75 11.5 11 12 13 11.75 10.25 10.75 11.75 16.25 24.5 33.5 44.5 55 66.75 81 85 80.75 90.5 116.5 126.25 113.75 100 82.25 75 90.75 105.75 112.75 112 105 102.75 100.5 101.5 115.75 124.75 113.5 105.75 114.25 120.25 120 121 126.75 145 164.5 167 158.5 144.5 129.25 120.25 
16.25 16.75 19.5 20.5 19.25 17.5 14.75 11.5 10.25 12.25 13.5 10.75 8.5 10.25 13.5 13.75 13.75 20.5 37 61.5 75.25 68 69.75 94.25 115 111 87.5 71.75 75.25 84 88.75 89.25 85 70.75 59.75 76.25 104 103 68.5 36 20.75 13 11.25 12 11.25 10.5 11.25 12.5 14 15.5 16.25 20.25 31.5 41.25 48.25 58 64.75 75.25 89.5 94.5 104.5 119.5 115 100.5 103.75 116.5 115.5 106.5 116 141.5 160.75 161.5 138.75 116.75 129.75 157.75 155 137 131.25 128.5 123.5 118.75 108.25 102.5 109.5 124.5 139 144 154 167 167.25 159.5 
18.25 18.25 20.5 22.75 22 18.5 15.5 15.75 19.25 21.75 19.5 14.75 10.75 8.5 8.75 10.5 10.75 9.5 10 12.5 15 15.75 15 12 8 6.75 6.75 8 10.5 14 18.75 24.75 37 55.25 78.5 95.25 108.25 127.25 135.25 122.5 100 86.5 83.25 75 59.5 53 68.5 112 141 108 55.75 28.25 18 13 10 10.25 9.75 9 10.75 11 9 9.75 13.25 21.5 35 53.25 72 69.5 60 75.5 112.25 136.75 128 120.5 127.5 114 89.5 84.75 89 92.5 104.5 123.75 132.5 125 110 94.25 93.25 117.25 148 158.25 144.25 117.5 
22 22 19.5 17.5 20 23.75 24.75 23.5 20.25 17.5 16.75 17.5 16.75 14.5 13.25 12.75 12 11.25 10.75 9.75 8 7 8.5 12.25 20.25 34 49 61.75 70.5 77.25 97 120.25 131.25 125 99.25 83.75 90.75 100.75 97.25 80.5 64.5 49.25 36 39.25 58.5 62 40.75 23.75 17.5 15 13.5 13.25 13.75 14 15.25 16.75 19 24.25 32.5 39.25 43.25 45.5 46 47.75 51.5 59 70.5 76 72.25 73.5 82.25 80.25 70 69.25 81.25 92 95.75 101 103.5 97.5 88.75 77.5 73.75 85.75 93 89.5 84.75 77.5 73.75 75 76.75 81.25 
20.25 16.5 13.75 13 14 16.75 19.5 19.5 16.5 12 8.25 7.5 10 16.75 30 50.75 72 92.5 119.25 140.5 130.5 100 82.25 77.75 75 67.75 66.5 77.75 83.25 72.5 56.75 47 43.25 53.5 68.25 59.25 36 22.25 15.75 12.25 11.25 10.5 10 10.5 12.25 15.5 19.5 20.25 19.5 29.25 51.75 72 86 104.75 120 120.25 122.5 138.25 147.25 137.25 117.25 100.5 96.25 95.75 93 102.25 125.5 147.5 167 175.25 162.25 149.25 157.25 172 175.5 174.75 170 146.5 109 88.25 95.25 107.5 104 86 72.5 84.75 107 111.75 109.25 115.25 123.75 124.5 
17.75 16 16 16.75 14.5 11.5 11 11 10 8 7.5 9.75 16 25.25 34 43.5 57.5 82.5 112 122 115.25 113.75 117.25 118.75 114.5 103.75 96 94.5 89 73.75 60.25 68.5 92.75 111.5 111.25 82.25 46 26 17.25 14.75 15.5 18.75 23 21.75 17 16.25 20 30.75 48.25 63.5 70.25 67 57.5 54.25 59 61.75 66.75 75.25 79.75 87.25 107 126.75 137.25 148 168 175 153.25 139 138.25 124 113.5 128.75 147 140.25 116.5 101.5 100.25 103.5 111.25 116.25 107 90.75 85.75 101.5 130.25 153 161.25 150.75 123.25 99.5 90.25 88.75 
20.25 17 15.5 16.25 17.75 17.75 16 14 13 14 15 13.25 10.25 8.5 7.75 9.5 16.5 32.75 63.25 100.25 121.25 125.5 132.25 138.25 128.25 111 104.5 105.75 95.25 74 66.5 73 75.25 63 50.25 69.75 113 116.5 72 35 20.5 14.75 12 10 9.5 9 9 10.75 14.5 21.75 28.5 33.75 37.25 41.25 45.25 50.75 66 89.25 100.25 89.5 76 68 63.75 69.25 90.75 116.5 123.5 114.5 109.25 110.5 125 150.75 166.75 166.5 153.5 140 126 103.5 92.5 95.5 89.25 89 104.75 108.5 94.5 82 87.5 100.25 94.25 83.25 85.75 88 
11.75 16.5 21.25 22.75 22.5 21.75 19.5 16.5 15 15.75 17.5 18.5 17.25 15.75 13.25 9.25 8 9.5 20.25 47.75 73 74.25 67 83 116.25 132.5 129.75 126.25 137.75 148.5 133.5 118.5 108 93.5 83.25 74.25 63 47.75 41.5 46 42 28.5 18.25 13.5 11.5 11.25 11.75 11.75 10.75 10.5 13 17 18.75 17.75 26.5 51 83.25 106.5 113.75 116.25 117 122.5 132.25 129 133 159.5 160.25 127.25 108.5 113.25 119 114.25 103.75 93.75 83.75 76 81.75 94.75 96.75 94 102.25 111.25 101.5 80 76.25 102 117.5 109.5 111.75 126.75 141.5 149.75 
21.25 17.75 15 13.5 12 10.75 12 16.25 19.25 17 12 8.25 7.75 9.25 15 30.25 50 57.75 50.5 47.5 59.75 81.25 92.25 87.75 79.75 78.5 81.5 72.5 60.75 69.25 82.25 72.5 53 43.5 47.25 63.5 69.75 51 30 18.25 13.5 12.75 10.75 9.75 9.5 10 12.25 16.5 18.75 17.25 16.75 25 41.25 54.75 71.5 102.75 127.5 127.25 117.25 110.5 103 89.5 78.5 81 85 80.75 76.5 77.5 90.75 113 130.25 148.25 168 176.25 180.25 190 186.25 164.5 141.5 123.25 102.25 87.75 108.25 138 128 90.5 74.25 90.75 108.25 104.75 93 80 
21 19.25 17.5 15.5 13.75 12 10.75 12.5 15.75 15.75 12.25 9.25 7.5 7.5 11.75 20.75 37 57.5 73.25 83.5 106.5 135.75 137.5 115 94.5 91.75 107 115 106.5 104.25 116.25 124.25 119 121.5 151.25 189 181 118.75 59.5 31.25 18.75 13.25 11.75 11.5 10.75 11.5 15.5 18 17.25 20 37.5 70.5 103.25 115.25 112 109 109 115.5 118.25 106.25 85 75 89.75 105.25 98.25 81 81 103.75 129.75 138 136 137 135.75 128.25 116 117.5 134.5 140.25 123.25 106.25 108.25 112.25 102.25 85.75 75.5 77.75 83.25 84.5 90.75 100.75 103.5 105 
18 18 20 22.75 23.25 21 17.75 16.25 18.5 21.5 20.5 16.75 13 9.5 7.75 9 10.75 10 9.25 11 13.5 15.25 15.25 12.5 8.75 7.25 9 12.5 19.5 34.75 53.5 74 107.75 147.5 162.75 144.5 122.25 123.25 134 132 118.25 104.75 109.25 121 102.75 66.25 47.5 45.25 59.75 73 52.25 26.75 18.5 14.75 14.25 15.5 16 13.5 11.25 12.5 15.25 17.75 18.75 22 33.75 49.5 72.75 109.5 132.25 123.75 119.5 146.5 188.75 204.75 175.5 134.25 119.75 126.75 124.25 127.5 155.25 174.5 159.5 128.5 123 145 151.25 135.5 128.25 134.25 130.75 112.5 
11.5 10.25 11.75 15.5 19.25 19.75 17.75 16.5 15.75 15.5 15 13.25 12.75 13.5 12.5 10.25 8.5 7.5 8.5 13.5 25.75 47.25 69.25 90.25 103.75 98 93.75 102.25 102.5 98.25 100.5 101 95.5 86 77.25 71.75 77.75 84 72 54 52.25 65.75 67.5 45.5 23.25 15.5 13.5 14.25 16.25 15.75 13 11.25 11 14 18.5 31.5 66.75 96.25 98.25 96 93.5 78.75 70.5 86 103.75 112.25 122.25 128 117.25 103 97.5 93.75 92.5 87.25 73 61.25 73.75 113.5 133.5 118.5 110.25 117 114.25 94.5 73.25 75.75 99.5 109.25 98.75 89.25 91.5 103.75 
24 24.25 21.75 18.5 15 13 14.25 16.75 18.5 18.75 17 13.25 8.75 7.25 8.5 9.5 14.75 28 44 57.5 68.75 73.5 71 70.5 74 71.75 70 84.75 98.75 86 67.25 66.75 67.5 58.25 46.5 49.5 63.25 59.5 40.25 25.25 19.25 16.5 14 13.5 14.25 15.5 15.75 13.75 12.5 13.25 14.75 17.75 32.25 62 88.25 94.75 100 114.5 120.5 123 140.75 161.25 154.25 134.25 113.5 87 66.5 59.25 69.75 85 94 96.25 85.75 71.75 73.75 84.5 87.75 86.25 87.25 99.5 114 112.5 110.25 121 120 99.25 77.75 73.25 93.25 113 108.5 97.5 
22.25 22.25 21.5 19.75 16.5 14.75 15.75 17.5 19 19 17.25 14 10.25 7.75 8.5 13.25 23.5 51.5 101 144.5 155 141.75 122.25 107 97 88 99.5 122.5 121.75 104.75 95.75 89.75 77.25 68.25 63.75 60.75 59.25 61.75 59.25 42.75 26.25 16.75 13 12.5 13 13.5 12.75 14 15.5 15 16.25 25.75 56 91 109.75 122.5 132.25 133.5 142.75 163.5 164 137.25 118.5 119.75 111.75 95.75 93 106.25 125.25 128.75 123 113.5 105.25 116.5 134 136.75 127.25 120.25 121 125.5 124 120.5 129.25 128.5 106.25 89 89 103.75 119.5 117.5 106.5 109.75 
23.25 22 19.25 16.25 13.5 13 15.25 17.75 18.5 16.25 12.5 9.25 8.5 10.75 17 29.75 53.25 81.75 95.75 93.25 95.5 98 94.75 94.5 94.5 95.75 92.25 77.5 65.75 64.75 64.25 64.5 64.5 65.25 75 80.75 63.5 38.25 23 16.25 14.25 13 11.25 10 11.5 11 10.5 13.75 15.25 14.25 19 36.25 62.75 89.75 103.25 102.5 99.25 98.75 104.25 119.25 146.75 168.25 152.75 113.75 86.25 77.75 96.25 136 150.5 125.75 94 80 85.25 103.75 124.25 125.75 111 102 99.5 92.75 95.25 119 133 113.25 82.5 71.25 91.75 119.75 118 99 92.5 103 
22.5 23 21 16.75 13.75 13.5 15 17.75 19.25 17 12.25 8.25 6.75 7.25 9.75 19.75 42.75 65.5 73.75 77.5 87 98.75 97.75 79.75 65.25 73.75 90.5 89.5 88.5 92 86.5 77.5 59.75 38.5 34 51.5 60.25 44.75 28.75 20.5 15.5 13.5 11.75 10.25 10.25 9.75 13.75 20 19.75 16 16.75 24.25 41.75 62.5 85.5 99.25 90.25 96 130 151.5 142 129.25 113.5 87 69.25 67.75 82.75 111.75 135.75 141 151.5 163.25 162.25 155 144 139.5 131 123.25 116.75 99.75 94.25 115.75 130.25 106.75 74.75 59.5 71.25 100 102 92.25 114 135.5 
23.75 23 20 16.25 13.5 12.5 13.25 15.25 18 19.25 16.5 11.25 8.25 8.25 12.75 21 33 51.25 68.75 84 95.5 92.25 79 71 69.5 74.5 81.75 87.5 88.75 78.25 62.75 56 55.75 51.25 43.75 45.75 63.75 66.75 43 23.25 16.5 12.5 11 11.5 11.25 12 14.25 18.75 21.75 18.75 15 17.25 27.25 41 48.75 55.5 66 75.5 96.25 127.25 140.25 119.75 88 72 67.5 63.5 64 88.75 119.5 122.5 107.75 96.25 99 112 124.25 130.5 119.5 102 98.75 96.5 89.5 98.75 119.25 111.75 75.75 51 46.5 55.5 76.25 85.75 83.75 91 
23 22.25 19.75 17 15 15.25 18 20 19.75 17 12.75 9 6.5 8.25 15 28.75 53 75.25 87.5 102 127.25 138.5 138.75 143 134.75 128.75 125.5 106 79.25 63.75 63.75 67.75 62.75 50.5 64.25 88.25 72 40.5 24 16 12.25 11.25 10.75 11.5 13.75 13.75 13.5 18.75 27 29 31.5 45 67.5 88.75 101.25 104 90.5 71.25 70.25 89 114.5 143.5 159 154.25 161.25 171 153 118.25 89.25 72 67.75 77.5 102.25 135.5 136.25 104 87 95.25 103.5 101.75 96.75 100 108.75 99.75 84.25 80.5 82.25 85 100.75 132.5 146.75 121.75 
23.25 23.25 22.25 20.5 16.75 14.25 15.5 17.75 19.25 19 16.75 12.25 8 7.5 9 13 26 52.5 74.5 76.75 72.75 76.5 85.75 96.5 108.25 112 106.75 100.5 104 108.5 103.5 93.75 75 52 38.75 45.25 67.25 74.25 54 29.75 17.75 13.75 11.5 11.5 11.75 10.75 9.5 10.75 13 16.75 22.75 32 46.25 59.25 69 80.25 91.5 92 82 72.25 73.75 98.25 126.25 131 120.75 116.75 116.75 107.5 93 78.5 71.75 80.75 98 114.5 123.75 115.75 96.5 90 105.25 117 111.25 103.75 114 140.75 151.75 137.5 125 118.5 106.5 91.25 93.5 103 
22.5 22.25 20.75 19 16.25 14.75 15.5 16.25 17 16.5 13.25 9 7 6.75 8 11 14.5 18.5 23 30.75 41.25 54 68.75 80.25 83.75 75 61.25 57 59.5 63 67.25 64.5 57.25 55.75 55.75 52.25 51 46.25 32.75 21.25 15.25 11.5 10.5 9.75 9.25 9.75 10 10.75 10.75 11.25 15.25 22.75 31 41 59.25 86.5 106.75 107.5 100.25 96.5 102.5 116.25 119 112.75 118.25 128.5 123.5 107.75 88 80.75 99.25 122.75 134.75 129.5 106 89.25 99.75 120.5 124.25 114.5 115.5 126.5 129.75 116.25 101.75 107.25 121.5 120.25 115 122.5 126.5 128.25 
20 18.5 16.25 14.25 13 13.25 14.25 14.75 15 14.5 14.25 15.25 14.75 12 10.75 12.5 14.5 14 11.25 8.25 6.75 7 8.5 9.75 12.75 23 44.25 73.75 90.25 89.5 90.25 96.5 102.25 99.25 83.75 65.5 60 65 64.25 60.75 65.25 64 56.75 66 87.25 81 48 24.5 15.5 12.75 12 11.75 12 11 9.25 9.5 10.5 14 23.25 35 40.75 43 49.75 64.75 85.25 102.25 108.25 100.75 93 95.75 99.75 102.75 109 113.25 108.5 104 107.25 107.25 113 137.75 161.25 158.5 135.5 115.25 109.75 111 110.75 120 128.5 111 90 92.25 
17 21.25 23.5 23.5 21.75 18.5 15.25 13.5 13.75 16.25 18.5 17.25 13.5 9.5 7.25 7 8 11.25 17.75 28.25 41.75 63.75 95.25 111.5 102.75 96 95.25 93.25 98.5 101.25 95.75 88.25 78.5 71.5 74.25 80.25 79.75 68.75 48.5 31.25 22.75 17.25 14 12.75 11.5 10.75 9.75 9.5 11.5 14.25 16.5 18.75 21.25 25.75 35.25 53 90.5 131.25 135.75 120.5 119.5 131 134 121.25 109.75 103.5 106.5 125.5 135.25 122.5 117 123 118.25 104.25 96 92 84.75 93.75 126 152.25 150.5 134.5 122.5 106.25 98 110.75 127.5 138.75 144.75 138.5 132 138 
24.25 22.25 18 15.75 18 22.25 24.25 21.75 16 11.5 10.5 11.5 12.5 12 10.75 10.75 11.75 13.25 13 10.75 7.75 5.75 6.5 8.75 11 13.5 20.5 36 64.5 91.75 93.25 81.25 79 81.75 81.25 74.75 62.25 51 50.75 69 91.75 99.75 92 74.25 58.5 59 58.75 39.75 20.5 13 10.5 10.25 10.25 8.75 8.25 8 8.5 12 18.5 28.75 37.25 39 43.25 56.25 70.75 88.25 110.25 120.5 113.25 98.75 85.5 82.5 87.75 88.75 89.75 101.5 119.25 137.5 153 152.75 142 140.5 138 120.75 105.75 108.75 111.25 102.75 109 138 160 154.75 
24.5 23.5 21.25 18.5 15.5 14.75 16.75 18.25 17.75 16.5 15 12.75 9 6.25 6 6.5 8 12 18.25 23.25 27.25 39.25 60.25 86.5 112 119.25 110.5 104.75 95.25 85 81.25 70.5 59.25 64.25 73.25 62.25 47.5 50.5 53.75 39 21.25 14.25 10.75 9 9.5 9.5 9.5 9.25 9 9 10.25 13.75 19.5 28.75 38.25 51.25 63.75 74.5 103.25 132.5 138.25 131.25 117.25 107.75 114.5 121.5 113.75 111.5 129.25 135.5 117.5 104.5 119.5 143.75 138.75 108.5 84.75 90 116 135.25 131.75 113.75 105 108 106.25 91.5 75.25 86.25 112.25 128.25 148 153.5 
17 16 16 16 14.75 12.75 11.5 11.25 12.25 12.75 12 11.25 11.25 12.25 13.75 14.5 13.25 10.25 7.75 7.25 9.75 12.5 14 18.75 32.5 52.25 65.5 71.5 82.5 97.25 102.5 93.25 83 81.75 77.25 67.5 57.5 50.75 54.25 61.5 68.25 85.5 97.25 75.5 40.75 22.25 15 11.5 10.5 9.75 10 10 9.75 11.25 12.5 13.5 19.5 30.25 39 42.75 47.75 60 77.75 89.25 87.5 81.5 82.75 95 107.75 111.5 113.25 124 136.25 137.5 132 122.25 108.25 98.25 98 102.75 99.75 94 96.5 96 86.5 80.25 83 83.25 79.5 76 74 79 
22.25 20 17.5 14.25 13.25 13 11.75 13.5 17.25 19 16.5 12 8.5 6.5 7.25 9.25 11.75 17.25 27.5 42.75 61.75 83 105.5 122.25 128.75 121.5 105.5 95 88.5 77.25 61.75 57.25 84.5 142.75 197.25 195 138.5 83.25 49.75 31 20.5 14.75 14.25 14.25 13 13.25 12.5 11.25 12.5 14.75 16.5 20 27.5 34.75 44 70 111.75 138.25 135.25 130.75 135.5 139 134.75 128.5 136 151.5 162.25 156.5 138.25 140.25 161.75 163 132.25 107 114 132.25 141 151.75 169 173.75 160 148 158.25 168.5 164.25 158.25 147 132 127.5 136.25 142.25 137 
16.75 21.25 23.25 23 22 19.25 15.5 13.25 13.5 16.25 19 18.5 14.75 9.75 6.75 7 9.5 13.5 17.25 23.25 33.25 47 64.5 89 106.5 104.25 98 96.5 100 98 86 75 69.5 66.25 62.25 64.5 84.25 101 87.5 60.5 37 21.25 15.75 13 11.25 11 9.75 8.75 9.25 10.5 12.25 14.5 18 23.75 30 41 60.75 77 78 71.5 72.75 90.25 121 144.75 147.5 130.5 106.5 93.75 95.5 107 117 126.5 152.5 174.25 164.75 138.5 113.25 105 117.75 132 134.25 140.75 154.75 146.5 123.5 105.5 107.75 137.25 159 157 146 131.75 
22 20 16.75 16.25 18.25 19 18 15 10.75 8.25 8.5 9.5 9.75 9.25 9.75 11.75 14 14.5 12.25 9 7.5 7.25 8.75 13.5 22.25 34 50 73.25 89.25 85 77.5 82.75 92.25 93.75 88 85.5 81.25 69 59.25 60.75 71.75 73.25 62 67.25 91 89.75 57.25 30.75 18.5 13 10.75 9 8.75 9.5 9.75 9.25 9.75 12.75 18.5 25 32.25 40.5 45.5 49.25 57.5 69 84 100.25 117.25 129.25 129.25 129.75 139.5 143.75 141 152 165.5 157.25 146.5 153.5 159.5 145.5 119 105 114 117.5 109 112 126.75 135.5 124.5 107.75 
17.75 19 19 18 14.75 10 7.75 9 11 11 10.25 10.75 12.25 14.5 15.75 13 8.75 7 8 9.25 10.5 12.75 16.5 23.25 34.75 48.25 63.75 86 107.75 123.5 129.75 120.25 105.5 90.75 74 57.75 58 75.75 80 71.25 63.75 59.75 56.25 41.75 25.25 17 12 9.75 9.25 9 9.5 10.5 12 11.5 13.75 19.25 23.75 33.75 46 55.25 68.5 82 83.75 77.75 81 104.25 133.25 141.75 133.25 143.25 153 133.75 123 136.25 145.75 142 150.75 160 134.5 94.25 78.75 99.5 129.5 130.75 109.25 95.25 90.25 89 88.75 86.5 92 106.5 
23.25 22.75 20.75 18.25 15.5 14.25 15.75 17.75 18.5 17.25 14.5 12.25 12 15.25 18.5 19.5 19.75 21.5 25.5 35.75 59.75 94.25 127.75 149 151.25 138 121.75 117.5 113.25 103 97.5 81.5 59.75 54.75 57.75 59.75 56.5 39 23 17.75 14.5 12.25 11.25 12 14.75 16.25 14.5 11.25 11.5 15 20 26.25 28.25 33.25 57.75 93 109.25 109.25 113.25 117.25 113.5 113.5 113.75 115.75 122 118.75 119.5 124.75 121.25 113.5 114.25 118 113.75 110.25 108.75 113.25 129.5 138.25 136.5 147.25 160.5 157.75 144.75 129.75 128 144.25 157.25 150 133.75 122.75 122.25 129 
17 17.25 17.25 16.5 14.75 12.25 10.25 9.75 11.25 12.5 11.75 10.25 11 13.5 15.5 16 13.5 9.5 6.75 6.5 10 14 21 36 49.75 60.5 69.25 76 82.5 84.25 77.5 74.75 91.75 105.75 92.25 69.25 56.25 55.5 61.5 62.25 63.75 72.75 68.5 46 27 18 13 10.75 10 9.5 9.75 9.5 9 9.5 11 13 18.5 29.25 42 56 70.25 82.5 104.25 131.5 143 138.75 133 128.75 120.75 118 115.5 108.5 111.25 123.25 131.75 130.75 126.5 140.25 166.25 172.25 142 100.25 87.75 98.75 103.75 107.75 119.75 119.75 102 89 101.25 127 
18.5 17.25 15 11.5 9.25 8.75 8.75 9.75 10.75 10.75 11.5 13.75 15.25 15.5 14 10 7 7 9.25 12.75 16 21.5 32 48.25 65.25 72 70 72 77.25 76.5 72.75 70 63.5 58.75 64.25 69.75 71.5 75.5 68.5 51.75 43.25 36 25.5 19 15 11.5 9.5 9.5 10.25 10.25 9.75 9.75 10.75 13 18.5 27.75 37.25 41.5 47 65.75 94.75 118 122.5 114.25 109.25 114.5 126.75 136.5 134 121 111.5 118.75 137.25 146 136.75 125.25 126.5 134 119.25 87 79 95.5 108.25 109 109 108.5 99.5 87.25 86.25 106.25 136.5 159 
21.75 23.5 23.25 21 17.75 14.5 12.5 12.75 15.75 19.25 18.75 14 9 6.75 8.25 10 12 18.25 31 54 75.5 81.75 82 89.75 101.25 103.75 97.25 89.75 80.25 68.75 60.75 59.75 58.5 54.75 64.5 71.75 70.5 77.25 69 40.75 21.5 15.5 12 10.5 11.25 12.5 13 13.25 14.25 14.5 14 15.75 20.25 29.25 45.75 63.5 86.25 116.75 125 116 111.5 108 121.75 146.75 157.5 147.75 142.25 148.5 131.25 105.5 101.5 106.5 126 141.25 130 129.25 141.25 142 143 159 180.25 175 140.25 110.25 98.75 102.75 120 136.25 138.5 137.25 144.25 141.75 
