18.75 14.75 12 12.75 15.75 18.5 19 17 15.5 16.75 18.25 18.25 18.5 16.75 13.25 10.5 8.5 7.75 6.25 5.5 7.5 8.75 10.5 16.25 25.75 38 56.25 83.25 96.25 85.75 74.5 70.5 73.25 90.25 107.5 102.75 95.75 107.75 113 91 69.5 82.5 115 128.75 103.75 57.25 27 17 12.75 10.25 9 8.5 8.5 9 10 10.75 13.5 21 29.25 32.5 30.25 33 41.75 50 70.5 93 91 84.25 91 96 94.25 99.75 119.25 136.25 149 159.5 151.5 133.5 135 148.5 137.5 109.25 96.25 99.5 109.75 111.25 96.75 87.25 105.75 131.5 141.25 142.75 
20.75 18 17 18.75 20 18.75 15.75 13.75 14.25 15.5 15.5 15 14.75 15 15.75 16.5 18 19.5 19.75 19 16.25 11.75 8 6.75 7.5 8.75 12.25 18.5 25.5 37 62.25 96.75 123 121.5 97.25 76 69.5 81.25 92.75 95.5 98 87 73.25 79.75 92.75 103.25 103.25 78.25 45.5 26 17.75 13.75 10.75 9.25 9.5 9.75 9.75 9.25 9.25 10 11.75 17 27 44.25 70.25 86.75 76.75 57.75 56.25 75 98 107.75 99.25 84.25 74.5 77.25 86 94 98 92.75 91.5 98.5 110 133.75 145.25 131.75 141.75 176.75 192.25 183.75 167.75 147 
19.25 17 18.25 20.5 21.75 22.75 23.5 21.5 18 16.25 15.5 14.25 12.75 11.75 11 9.75 9 9.5 10.75 11.25 11.5 14 21.5 35.25 50 67.25 92.75 114 117 111.5 109.25 103.5 89 73.25 65 69.75 84.25 95.25 95.75 87.25 74 61.25 48.25 31.25 18.25 13.5 11.25 10.5 10.5 10.25 10.25 10.5 9.75 10 12.75 18 28 37 40.5 48.25 68 82.5 78.5 75.25 88 94.75 80.5 70 85.5 107.75 115 113.25 116.25 127.75 136.5 142.75 148.25 148.5 139.75 119.75 101 114.5 162.25 186.75 159 122.25 107.25 114.5 137.5 159.75 164 150.5 
22 24 25.25 25.25 24 21.5 21 23.25 25.75 25.5 23 20 17 14.25 12 11.5 13.5 16 17.25 17.5 15.25 10.75 7.75 7.5 7.75 9 13.5 19.25 32.75 52 62.5 74.25 101.25 115.5 101.75 84.25 74.5 78.25 87.75 85.75 79.25 79 88 96.75 93 90.25 98.75 87.5 51 25.75 16.75 13.25 11.75 10.25 10.25 11.5 11.25 10.75 12.5 14.25 16.75 25.25 37.75 49 58.25 60.25 52.25 46.5 61.25 96.25 129.25 133.5 121 114 98 81.25 86.25 116 143 129.75 96.5 87.75 102.25 115.5 122 134 154.75 164.5 159 150.75 140 125 
27.75 25.5 23.25 20.25 17.5 18.5 20.25 19.75 19.5 18.5 17.5 16.25 15.75 16 14 11.25 9.5 8.5 7.75 7.75 10.5 12.75 12.5 14.75 21.25 34.75 49.25 59.75 65.75 79.5 102.75 117.75 124.5 123.75 124.75 125.75 104 75.75 80.75 99.75 97 84.75 77.5 87.75 91.25 60.75 31 18.5 13.25 11.75 11.5 11.75 12.25 13 12.25 12.5 15.5 21.5 33.5 41.25 39 42.25 59.25 68.75 60.75 58.25 72 81.5 84.75 108.25 131.75 131.5 122.25 108.25 95 98.25 124.25 144.75 145.5 161.25 175.5 155.5 126.75 121.75 144.5 150.25 122 98 98.5 127.25 153.5 161.5 
17.5 20 20.75 18.25 15.25 13.75 14.5 16 15 13 13.75 15.5 14.75 14.5 17 19.5 20.25 19 15.75 11 7.5 6.75 7.5 9 11.5 17 27.25 39.5 50.75 64.5 83.25 104.25 122.5 124 104.5 85.5 74.5 67 70 75.25 74 72.5 81.25 96.5 102 88.75 56.25 28.5 18 13.75 11.75 11 10.75 10.5 11 10.5 10 11 11 13 17.75 25.5 36.5 44.5 51.5 67.5 86.5 92.25 95.5 102.25 106.5 104.5 100 102 97 86 87.5 98.25 110.25 126.5 136.25 132.5 125.75 111.25 96.5 103.75 135.25 157.75 154.5 141.75 120.5 104.25 
21.25 19.25 17.75 18.25 20 20 17.25 14.5 13.25 14.25 15.75 15 14.5 14.75 15 15.75 16.5 17.75 19 19 16.5 12 8.25 7 7.5 8.25 11.5 18 27 41.25 62 87.75 117 135.75 127 105.5 101.75 113.75 123.5 121.75 113.25 99.75 90.5 106 135.75 160.5 154.75 108.25 57.25 30.25 20 15.75 13 11.75 11.25 10 9.25 9.25 9.75 9.75 9.25 13.5 22.75 33.75 48.75 58 59.5 73.75 101.5 113.75 107 109 116.25 103.25 92.25 113.5 134.75 127.75 106 87.5 78 75.5 90 124 152.25 169.75 185.5 191.75 189.75 186 173.75 150 
17 17.75 20 21 20.5 18.75 17 17 18.25 18.5 17.5 16.5 16 15.75 15.25 15.5 17.25 19 18.75 17 12.75 8.25 6 6 8.75 11.5 15.25 21.5 31 42.75 60 81.5 94.25 94.5 88.5 82 84 94.75 103.5 107.75 105.5 106.75 133 170.5 191 190.5 160.75 105 55 27.75 16.75 12.5 10.5 10.5 10.75 10.25 9.75 9 9 11 16.25 25.25 37 51.75 66.25 68 61.25 68 91.5 109.5 110 107 106.25 102 95 98 114.75 123.5 116.25 107.5 111.75 134 154.75 152 133.25 115.25 104 108 129.75 147 141.25 128.5 
19.25 16.25 16.75 19.75 21.25 21 19.5 16.75 16.25 17.5 17.25 15.5 15.5 16 15.75 16.5 18.25 20.75 22 21.25 18.75 15.75 12.5 7.5 4.75 5.5 7.5 13.5 19.75 28 41.5 43.25 36.5 45.5 73 99 110.75 108 98 94.25 93 101.25 102.25 85.75 84.25 93.75 92.75 81.5 73.75 63 39.5 22.25 15.5 10.75 9 8.75 8.75 8.75 9 8.75 8 7.75 10.75 18 31.25 54.5 75.5 77.25 69 74.5 94.25 107.25 108 113.75 116.75 99.25 81.75 83.75 93.25 92.25 88.5 98.25 120.5 141.25 158.25 164.75 156.5 157 159.5 156.25 159.75 166.25 
24.5 22.25 19.75 17.5 15.5 13.75 11.5 10.5 12 11.75 8.5 6.25 5.75 6.5 8.25 10.5 14.5 23.5 35 37 37.75 57 92.25 106 89 80.75 87.25 98.5 102.5 82.5 60.75 62.25 83.25 103.75 105 102.25 113.25 96.75 52 25.75 16.25 12.75 11.5 10 9 9.25 8.75 8.75 11 13.75 20.5 34.75 48 57.5 69.25 78.75 82.5 90.75 91 85.5 92.75 96.25 90.75 90.5 102.75 126.5 147 142.75 119.75 108.25 116.25 121 121.5 131.25 141.5 140.25 133 133.75 152.5 160 138.75 119.25 109.5 118.5 147.5 155.75 138.75 126.25 116.25 115.75 135 154 
20 17 16.25 18 20.25 20.75 19.75 17.75 16.5 17.25 17.75 16.5 15.75 16 16 16.5 17 18 19.75 20.75 20 17.25 12.75 8 5.75 5.5 6.75 10 14.25 20.5 30.25 42 57.5 73.75 80.75 82 80.25 71.5 64.25 67.75 80.25 89.75 83.25 67.75 60.25 60.5 68.25 78.75 68.5 41 23.5 17.5 13.5 12 12 11.75 11.5 11.25 10.5 9.25 8.25 9.75 16.5 30.25 48 67.75 85 88.25 78 73.75 83 90.75 98 112.5 115.75 101.75 95 107.75 125.75 132.25 131.5 130.5 129.75 136.5 159.25 179 177.5 167 162.25 171.5 178.5 172.25 
20 20.75 20.75 18 14 11.25 11.5 14.75 17.75 18 16.75 15.5 15.5 16 16.75 18.25 17.75 15 12.25 9.75 8 6.25 5.75 7.75 11.75 18.75 27.75 38.5 48.5 57.5 70.5 84 92.25 92.75 89.75 95 110.25 123 130.25 135 129.5 118.25 114.75 126.75 154 164 126 67 29.5 17.75 13.25 10.5 10.75 11 10.5 10.25 10.5 10.25 11.25 14.25 19.75 30.75 47.75 61 67.5 82.5 105 115.5 117.5 121 122 121.75 116.75 107.25 103.25 108.75 119.25 135 156 163 149.5 133.75 131.25 144 158.25 158.75 157.5 169.25 186.75 189.5 166.5 142 
18.75 15.75 16 18.5 20.25 20.25 19 17.25 16.75 18 18.75 17.75 17 16.5 15.75 15.5 16.25 18 19.5 19.75 17.5 13.5 9.5 7.25 7.5 8.5 10 13 22.5 44.25 67.75 78.75 86 94.5 93.25 88 86.75 93.75 107 112 104.75 90.75 83 92.75 112.5 139.75 173.25 181.25 142.25 83.5 41.5 22.25 15.25 12.75 11.5 10.5 9.5 9.5 10.75 11 11.75 19.25 34.5 51.5 62.75 66.5 62.5 61.75 81.5 111 125.75 116.75 97.75 85.5 85 92.75 104.75 117.25 119 105.25 94.25 106.75 132.75 146.75 140.75 134.5 148.5 166.5 169.75 168 165.5 152.25 
19.75 20.5 20.75 21 20.25 17.75 15 13.75 13.25 12.25 10.75 9.25 7.75 7.25 7.75 8.75 10.25 12.75 17.75 24.25 37.5 59.75 75.25 86.5 102.75 115 115 117 126.25 122.5 112.25 103 91.5 89.25 101.75 121 147 170.25 160.5 111.5 59.75 31.75 20 14.75 12 11.25 12.5 13.75 12.5 11.5 15.75 23.75 31.75 37 38 41 50.75 55.75 51.75 53 61.75 69.75 79.5 101.25 124 124.25 107.75 90.75 93 120.5 137.5 128.75 122.5 126 119 98.75 83 91.25 115.25 128.5 127.75 116.5 109.75 121.25 129.75 126 124.25 122.5 109.5 96.25 100 112.5 
22.5 22.25 22.5 21.75 19.75 17.5 14.5 10.5 8.5 9 9.25 8 6.25 6.5 7.75 9.5 14.75 28.5 48.5 59 59.5 61 68 84.25 99.75 100 93.25 93.25 96.75 98 100.5 99 95.75 102.75 115.5 134.25 152 135 84.5 42 23.25 16.5 13.25 12 11.25 11.5 12.5 13.5 14 15.5 21.25 30 39 44.75 46.25 58 81.25 92.5 89 85.25 92.5 106.5 113.5 110 104.5 109 119.5 126 119.5 109.25 108.25 114.75 125.75 126.75 114.75 112.75 126 131.5 122 118 128 140.5 147 149.5 158 166.5 166 164.5 157.75 133 109.5 110.25 
22.75 20.25 19.25 19.5 21.5 23 23.25 22.5 20.25 19 20.5 23 23.5 22.5 21 18.5 15.25 12.25 11.25 12.75 14.5 15 13.5 10.25 7.75 7.25 8.75 12 18.5 34.25 57 72.5 80 96.25 116.75 116.25 99.5 89.75 92.75 98 98 98.75 96 83 75.25 87 124.5 161.5 151.5 99.5 51.75 27.75 17.75 13.75 11 10.5 12.25 13 11.75 10.75 11.25 11.25 12 17.5 31.5 51 61.5 61.25 66 87.25 118.5 139.25 137 122.5 114.5 117.5 125.75 127.75 120.5 111.25 106.75 117.25 140.25 159 158.25 143.25 134.5 137.5 142 143.5 148.25 160.75 
24 23 22.75 23.5 22.75 20.75 20.75 20 17.75 18 17.75 15 12 9.75 9.5 10.25 10.75 11.75 12.75 11.5 8.75 8.25 11 14.5 21.75 36 50.5 60.75 68.75 80.5 97.25 104.25 97 92.5 98.5 108 98.25 69.5 57 69 85 92.25 99.25 111 94.5 53.25 28.75 19.5 14 11.25 10.5 11.25 13 14.75 17.5 18.25 15.5 15.75 23.25 36.75 48.75 49.25 50.5 65.5 88.5 114.75 139 146.25 128.25 109.5 102 98 103 107.75 99.5 100.25 119.75 130.5 123.75 118.5 118.5 119 126.5 143.75 146 119 101.5 116 131.25 121.5 104.75 96.25 
18 17 16.5 16.25 14.5 12 10 9 8.5 7.5 7.25 8.5 11.25 23 42 58.75 75.25 87.5 88.75 85.5 87.75 89.25 80.75 77.5 85.75 79 62.25 67.25 81.75 80.75 68.5 71.25 100 106 69.75 36 22 16 13 11.75 10.25 9.75 11.25 15.5 21.5 22 19.75 19.5 21.5 37.25 61.75 72.5 75 83.75 97.75 111.25 115.5 119 127.5 136.5 144.75 143.5 136.75 135.25 130.5 115.5 106.75 129 156.5 150 123.25 97.25 92 113.25 140.5 156.25 161.25 159 142.75 124.75 130.75 148 144.25 130.75 132.5 150 166 157 127.75 115.5 134.5 159.5 
20.25 20.5 20.75 19 15.75 12.75 11 10 8.5 7 6.75 7.25 10.25 17 30.75 57.25 90.75 113.25 113.75 102.5 96.75 102 114.5 121.75 121.75 131.25 142.25 133.5 116.25 104.5 98.75 93 74.5 52 38.25 26.75 17.5 14.25 12.5 11.5 11.25 10.75 10.75 11.75 14.5 17.75 21.25 29 48.25 76 94 98 94.25 81.75 70.5 79.75 106.75 123.25 121.25 124 134 139 143.5 156.25 178.5 186.75 167 153 161.5 169.5 170.25 167 154.5 140.5 134.5 128.5 115.25 104 111.5 137 153.25 151.75 141.75 118 92.75 83.5 88.5 105.25 123.5 128.5 125.5 129.25 
21.25 23 24.5 23.5 21 18.25 16.5 16.25 14.5 11.75 10.25 9.5 8.5 7.5 7 11.25 21.75 44 87.5 132 147 128.75 95.75 79.25 92 118.75 134.75 122.5 92.75 76 83 95.5 94 87.75 108.25 131.75 110 64.5 33.75 21 16.75 13.75 11.75 11.25 10.75 10.25 13.75 24.75 34.25 29.75 22.5 30.25 56 84.5 95.75 92.75 90.75 92.5 91 98 107.5 105 97.75 93 97.75 110.75 128.25 134.5 122.5 118.75 127.75 137.75 137.5 116 97.25 98.75 104.75 108.25 124.25 140.5 124.25 91.25 91.25 119.5 130.75 118.75 103.25 98.5 100.5 99 99.75 108 
11.5 13.5 17 19 18.5 16.75 15.75 16 17.5 18.5 17.25 14.5 12.25 10 8 6.75 7 8.5 11.25 19.5 37 68.5 101 113.5 111.75 104.5 92.75 86.75 96.5 115.75 133.5 133.75 108.25 87 88 87.75 78.75 91.75 121.5 119 78.25 40 23 15.75 12.5 11.75 10.75 10 10.75 13 16 19.25 28.75 54 78 73.5 62.5 76.75 99.75 112.5 122.25 134.75 146 141 115.25 93 100.25 134.5 154.5 141.75 121.25 107.75 100 96.5 97.5 102.75 110 111 104.25 102.25 114 124.75 125.75 134.25 156.75 174.5 167.75 142.25 114.5 99.25 120 168.25 
21.5 22.5 20.75 18 16 15 14 11.75 10 9.75 9.5 7.75 7 9.75 16 28.75 48.5 72.25 89.75 85.25 74 79.5 87 90 95.5 89.75 76.5 73.75 67.75 63.75 71.5 64.5 50.5 69.25 118 128.75 82 39.25 23 16.5 13.75 11.5 11 11.5 12.5 17 18.75 14 12.25 16 18.75 24.75 37.25 48.5 56.75 66.75 69.75 70.75 84.75 101 104.25 94.75 84.5 80.75 86.25 94.5 87 69.25 64 83.25 110 108.5 85.5 73.5 80.75 106 143.25 160.75 157 152.25 134.5 111.75 100.5 96.75 100 103.25 112.25 131.75 140.25 132.25 115.25 110.25 
21.75 22.25 22.25 21 18 15.5 15 14.5 12.75 11 10 8.75 7.5 9 13 19.75 34.25 59 89.25 110.5 108 93.25 91 96.25 96.5 102.25 114.5 121 112 97.75 89.75 87.25 92.5 113.5 144 147 107.25 58.25 31.5 21 16 12.75 11.25 15.5 21.5 24 23 20.5 20.5 30.75 56.25 83.5 94.75 89 85 93.5 101.5 102.75 103.5 104.5 111.5 132 143.5 127.5 111.25 114 124 138.75 160 173.75 170 151.25 130 124 132 135.75 132.25 129 126.25 122.75 132.25 156.25 167.25 156.75 137.5 128 128 118 96.25 91.25 121.75 163 
25 21.75 19.25 18 19.75 22.5 23 22.75 21.5 19.25 18.75 21.5 24 23.75 21.25 18 15.25 12.75 11.75 12.75 14.25 15.25 14.5 11.75 9 8 9.5 13 20.75 36.75 63.75 94 114.5 124.5 128 127.75 129.75 138 136.75 126.75 122.75 109.25 88.25 83.25 85 86 92.75 91.25 73.5 52.5 36.25 24 16.5 13 12.75 13.75 13.25 12.75 13.75 13.75 14.75 18.75 23.5 33 51.5 70.25 82.5 94.5 102.75 101 96.75 96 103.25 124 139.5 128.5 110.25 103.5 110.25 131.5 145.25 135.5 122.75 123 129.75 127 112.75 104.75 111.25 116.5 112.75 118 
16.25 13.5 12.75 14.25 15 14.25 14 14.5 15.5 16.25 17.25 18.75 20 19.25 16 12 8.75 7 7.25 9.75 18.5 35.25 52 71.75 95 105.5 100.5 86 74.75 85.25 105.25 116 115.25 102 95.75 97.25 88.75 88 101.25 109.25 94.25 59.25 32.5 22.25 16.5 13.25 13 12 11 12.25 13 12.5 12 17.25 29.25 38.5 38.75 36.25 45.5 61.75 71.5 77.75 92.75 118 124 101.25 81.75 92 128.75 138 100.75 72 68.75 74.5 81.75 83 79.25 80 84.5 79.5 74.5 84.5 100 111.5 126.25 144.25 147 127.75 103.5 81.75 65.75 82.75 
19.25 18.25 16.75 16.5 16.75 17 17 14.5 10.75 8.5 8 7.75 7 7.25 9.75 16.25 23 28.25 42.5 64.25 72.25 65 62 64.5 78 97.25 101.5 87.25 74 78.5 80.75 71 57.25 53.5 88 121.75 95 49.5 27.75 18.25 14 12.25 11.75 12 11.75 12.5 15.75 17.5 16 16.75 26.5 46.25 58.75 54 53.5 78.75 121.5 158 167 141 112.25 104.75 98.75 95.25 120.75 160.5 174.25 151.25 112.5 90.25 93 99.75 92.25 83.25 88.5 99.25 98 84.25 76.25 82.75 93.5 109.5 153.25 200.25 204.75 176.5 142.75 118.5 124.25 161.75 198.25 203.5 
15 14.25 12.75 11.5 12 11.5 10 10.25 11 11 10.5 9.5 7.75 6.5 8.5 11.75 17.5 33.5 62.25 96.25 110.75 94.25 76.25 82 111.25 145.5 148.25 116.25 83.5 68 71.25 82.5 83.5 70.5 59.5 67.75 71.5 47.5 25.75 19.25 15.5 13.25 11.75 11 11 11.5 15 19.25 22.25 27.75 37.5 51 59.5 66.75 93 111.75 108.25 109.75 108 100 110 134 138.75 144.5 183.75 198.25 154.5 109.75 106.75 125.75 129 115 102 95 100.75 108.75 99 85 89.75 102.25 110.25 139.25 175.25 164 117.75 87 74.25 86 137.5 191.25 212 187.75 
19 17.75 16.5 16.25 17 17 15.25 12.25 9.5 8.5 8 7 6.75 8 12 24 46.25 65.25 74.5 87.75 104.5 106.75 90.75 86 102.25 109.5 103.5 94 87 87 86.5 88.5 93.25 101.25 101.25 71.75 38.75 24.25 17.75 15.5 14.5 12 10.25 10.75 12.75 15 15 16.5 21 25.75 34.5 40.75 47.75 69.25 91 101.75 113 125.5 129.5 124.25 114.75 106 102.25 111.75 127.5 120.75 93.25 77.25 81.5 87.5 78.75 68.25 76.5 91.25 96.25 93 95.25 111 120.75 111.25 111.25 129.25 134.25 118.75 93.25 76.25 89.5 135 182.75 188.75 155.5 119.75 
18.5 16.5 15.25 15.5 16 16.25 16 14 11.25 9 7.25 6.25 6.5 8.5 13.25 25.75 44.5 67.75 98 119.75 115 95 77 61.75 52.75 54 64.5 73.25 75 79.5 83 79.75 79.5 97.5 118.5 103.75 63 33 20.5 16 13.25 12.5 12.75 15 23.75 32.25 28.25 18.75 19.25 24.75 29.75 38.75 49.75 60.75 76 89 94.5 109.25 132.25 137.5 130.75 132 136.75 142.25 145 128.75 98.75 84 96.75 120.25 120.5 94.25 78 88.5 108 128 141.5 142 145.75 148.75 144.75 146.75 150.5 142.5 125 109 106.5 120.5 133.75 132.25 119.75 107.75 
19.75 19 18.5 17.5 16 15.75 15.5 13.5 10.5 8.75 8.5 8 7 6.5 8.75 14 25.25 48.5 79.25 92.5 82.5 70 63.25 64.75 80.5 94.5 81.5 64.25 58.25 55.75 55.5 52.5 56.25 69.25 87.25 89.25 59 29.75 18.75 14.5 11.75 10 10.25 10.5 13.25 21.25 24.5 18 14.25 16 18.75 25.5 34.75 45.75 63 83 97.5 102 99.5 99 101.5 93.75 82.5 84.75 102.5 120.5 110 82.5 74.75 98 127.25 119.75 85.75 67.5 70.75 78.75 81.25 87.25 104.75 113 98.25 90 108.25 133.25 134.5 110.75 85.75 85.25 123.5 159 156 129 
18.25 16.75 15.75 16 17.25 17.25 15.25 12.5 10 8.5 7.25 5.5 5.5 7.5 11.25 16.25 25.5 40.5 55.5 73.25 89.25 83.25 62.75 56 75.25 101 105 89.5 74.25 70.25 71 78.75 96.75 108 110 89.5 48.5 24 17.5 14.75 12.25 11 10.5 10.25 11 12.25 12.5 13.75 18.75 38.25 68.5 72 52.5 51.75 66.5 77.25 88.5 91.75 88.25 93.25 98.25 102 111 119.5 123 128.25 151.5 178.5 177.25 158.5 148.25 143 139.25 147.25 157.75 149.5 130.5 120.75 115.5 109.75 125.25 159.5 170.5 149.75 118.75 92.25 97.25 138.5 169.25 164 145.5 127.75 
19.75 17.5 15.75 15.75 16.75 17.5 17.75 16.75 14 11.25 9.25 7.5 6 6.25 8.25 13.25 20.75 30.75 48 66.5 75.25 78.5 85.25 99 108.5 101.5 91.25 88 81 64 55.25 60.25 56 57.75 94.75 128 106.25 57.25 28.25 18 13.5 12 12.25 11.25 10.25 10.5 12.25 14 14 17 28 46 51.75 46.25 50.25 60.25 68.25 76.75 83.25 83 87.25 103.25 110 103.5 102.25 98.5 101.5 120.75 136.5 133.75 117.25 111.75 114.5 116 135.5 163 174.75 164.25 140.5 123.25 128 156 174.75 164.5 139.25 113.5 102.75 117.25 148.25 156.75 126.5 104.25 
17.25 16 15 14.75 15 16.5 17.25 16 14.75 12.75 9.25 6.75 7.75 10.75 12.5 13.75 18.5 27 36.25 48 60.25 72.5 84.25 86.25 75.5 67.75 77.75 93.25 102.5 105.25 95.5 78.75 67.75 67.25 79.5 93.75 87.75 60 33.5 20.75 15.25 12.5 10.75 10.25 10.5 10.5 11.75 13.25 16 19.75 24.25 29.5 37.75 56.5 82.75 101 102.5 92.5 83.75 84 99.25 125 143 152 152.5 133 115.75 128.5 144.75 136 122 123.25 124.25 120.25 128.5 142.5 145 147.75 164.25 178 170.5 147.25 129.75 120.75 106.5 97.25 105.25 116.25 114.5 114.25 132.25 152 
19 19.5 18 16 14.25 14.5 16 16 14.75 14.25 14.75 15 15.25 16.75 19.5 21.25 20.75 17.5 12.5 8 7.25 8.25 10 14.5 19.5 26 42 71 96.5 101 97.75 106.25 112.75 110.75 109.5 106.25 105.5 103.25 94 87.25 83.25 76.5 78 99 105.5 73.75 37.75 20.25 14.75 12.25 10.25 9.75 9.25 9.25 9.75 11 16.5 25 28.5 29 32.75 37 41.75 52.25 68.25 80.25 84.75 89 89.5 83.5 82 84.5 91.25 101.5 115 142.25 167.25 172.75 167.5 155.75 142 142 160.75 172.5 149.75 115 104.75 124.5 150.5 156.75 143.75 126.5 
16 18.25 19.75 19.5 17.75 16.5 16.25 15.75 15.25 14 11.75 9.75 8.75 7.5 7.25 8.25 9.75 13 20 33.5 57 88.75 113 122 127.25 133.75 135.75 130 116 99.25 90 83.5 76.5 80.5 90 86.75 79 85.5 85.75 60.5 32.75 21.25 17.75 15 13.75 13 12 11 10.75 12.5 16.25 20 27 36.5 45.75 53 54.5 57 71.75 95.5 112.5 115 109.5 106.25 112.5 128.75 142 141.75 128 109.25 94 89.5 100.25 116.75 126.75 127.5 138.25 165.75 184.5 180 171.5 169 164.75 173.5 196.25 198.5 169.75 137.75 129.75 139 144.5 153 
21 22.75 23.25 22.75 23.25 21.75 20.25 21.5 23.25 24 22.75 19.75 15.25 11 9 9 10.25 11.5 11 8.5 6.75 8.75 12.75 16.25 17.75 23.5 42.25 62.5 72.25 88.75 109.75 104.5 88.5 85 84 79.75 78.25 74.75 72.25 86.5 103.75 106.5 100.25 102.25 118 109 65.5 32.25 19.5 14.25 12.75 11.5 10.5 9.75 9.5 11.5 14.75 19.5 25.25 29 32.5 40.75 57 74.75 101.75 136.75 145.5 124.25 98.5 82.5 83.25 97 108.25 108.25 102.25 93.5 87 99.75 127.5 148.75 153.5 154 162.5 167 158 149.5 147 131 110 113.25 137.5 154.25 
18.5 16.5 15.5 16 16.75 17.75 18.25 17.25 15.5 13.25 10.25 7.5 6.25 5.75 9.25 14.5 15.25 16 19 21.75 29.5 43.5 55.5 60.75 64.5 70.5 78.5 92.25 98 86.75 73.25 62.25 51.75 50.75 62.5 76.5 92.25 91.25 57 27.5 17 10.75 10 11.75 11.25 9.5 9.75 10 9.75 11.25 13.5 16.5 21 27.5 45.5 71.5 84.25 84.75 93.25 111 123.5 121 106.75 93.25 90 87.25 79 77 91.5 117 111.25 79.25 73.25 103.75 128 114.5 111.75 138 146.25 137.25 137 137 131 122.25 108 88.5 79.25 98.5 126 125 103.25 98.5 
20 19 17 16.25 18.75 19.5 17.5 16.5 16.5 15.75 14.75 15.25 16.25 17.5 18.25 15.75 11.5 8.25 6.5 6.75 9.75 12.5 16 24 37 50.25 57.5 64.5 75.5 92.5 109 112 105.5 94.5 82.75 79.5 80 77.25 74.25 69.5 60.75 58.75 68.5 61.75 35.75 19.75 14.25 11.5 11.25 12.5 14.25 14.5 12.5 12.75 18.75 25.5 25.5 27 41.5 55.5 57.5 65 90.25 116.5 132.75 137.75 127.5 117.75 115.5 109.25 105.5 110.5 111 109.5 115.5 120.5 123.25 120 108 110.5 145.25 171.5 148.75 112.75 103 118 134.25 127.5 123.75 150.75 191.5 210.25 
21.5 22.25 23.25 22 17.75 15.25 15.25 14 11.75 10 8.75 7.5 6.25 6.25 8.75 11 13.25 17.5 22.5 30.25 48 73.25 94.25 109.5 120 125 113 93 94.75 97.25 82.75 86.75 106.5 102.25 87.5 94 111.75 100 57.5 28.5 19 14.25 12.75 11.25 9.75 9.5 10.5 13 15.75 19 26 36.5 43 47.5 56.75 65 74.75 102.25 141.5 165.75 156.5 133 129.75 139.5 148.75 158 158.25 148 131 117 115 124.75 133 127.75 126 147.75 182.75 194.5 184.5 180.25 184.5 188 186 182.25 173.75 157.25 140.75 147.75 171.25 173.5 159.5 148.75 
15.5 19 20 18.5 16.5 15.75 16 16.25 16.5 15.75 13.25 10 8 6.75 6 6.25 8.5 12.5 16.25 23 29.75 38 49.5 60.75 75.25 92.5 108 114.75 109.5 97.5 91.75 102 111 99.5 80.75 70.5 72.5 79.25 71.25 48.25 29.25 19.75 15.25 13.25 11.5 10 10.5 11.5 11.5 12.5 14.75 19.25 27.25 33 39.5 53 70.5 89.75 111.25 137.25 150.75 136.5 123.75 122.25 107.75 93.25 101.25 112.25 106.75 94.75 86.75 93.5 113.75 127.5 131.5 137.5 155.75 181.75 197 196.5 196.25 204.25 199 169.25 136 113.75 100.75 100 114.75 131.25 134.25 138 
18 20.75 22 21.25 18.5 16.75 18.75 21.75 22.5 21 19 16.75 15 13.75 12.5 12.75 13.75 12.5 9.25 7.25 6.75 8.75 11.25 12 16.25 23.25 31.25 42 53.5 67.25 86.5 101.25 97.75 88.25 92.5 100.75 96 92 103.25 109.75 96.25 80 86.75 110.5 105.5 67 35.75 21.25 14.75 11.75 9.75 9 8.25 8 9.25 12.5 19.25 25 30 43.25 55.25 50.5 46.5 66.75 99 121 127.75 120.75 99.25 75 68 78.5 103.25 126.5 129.25 127.75 127.25 130 141 132.75 113.5 124.75 154.75 161.25 136.75 115.75 123 137.5 141.5 143 139 132.75 
21.25 20.25 19.25 20 21.75 21.75 20.25 18.5 16.5 14.25 12.75 12.75 14.25 15.75 14.75 11.25 8 7.25 8.5 10.75 13.75 18.5 23.75 31.25 47.75 75.5 96.75 102 106.5 110.75 111 110.25 101.75 87.5 83 85 79.75 68.75 58.25 67.75 103.5 119.5 88.5 47.25 25.5 17.5 14.75 14.75 15 13 10.5 10 11 15.25 20.75 24 28.5 31 34.5 51.75 83.5 112.5 130 140.75 139.75 119.75 95.5 86.5 84.5 82 90.25 110 127.5 134.5 135.5 144 149 141.25 152 181 188.5 160 119.5 108.5 129.5 148.25 149.5 141.75 139.75 146 147 134.25 
16.75 15.75 15.75 16 16.25 16.75 16.5 15 12.5 9.75 7.75 6.75 6.25 7 9.25 11 17 26.75 33.25 44 63 75.25 78.5 89 93.25 84 83 87.25 80 73 76 79.75 86 90 96 112 110 72.25 34.5 19 13.5 11.5 11.25 11.5 11.25 10.75 10.5 12 15.25 21.25 31.25 37.75 44.75 62.5 89.75 107.25 108.25 126 150.25 136.75 118.5 125 129 129.25 129.25 115 97.5 99 124.5 144.75 136.5 135.5 158.75 164 151.5 151.25 158.75 163.5 162.25 164.75 161.25 139.75 120 109 98.25 100.5 111.25 125 144.5 154 161 175.25 
21.5 20.25 18 17.5 18.75 19.5 19 18 16.75 15.5 14.75 14.5 15.25 17.25 18.5 16.5 12 7.75 6.5 8.5 11 14.25 22.5 37.5 46.75 42.5 42.75 56.25 74.75 93 104.5 108.75 106 97.5 91 80.25 63.25 54 54.25 54.75 61.75 84 92.5 66 34.25 19.5 14 11.75 11 10.5 11 11.5 12.25 14.25 17.5 24.5 32.25 35.75 41 49.75 70 109 148.25 174.5 178.75 149.75 111.75 93.5 86 80.5 86.25 103.75 117.75 127.25 141 151.75 153.25 154.5 163.25 180.75 203 207.25 177 136.5 122 135 158 179.75 193.5 203 219.25 228.5 
18.5 19.5 22 22.25 20 18.25 17.5 16 13.75 13 14.75 17.25 17.5 15 11.25 7.5 7.25 12.75 18.75 19 18.25 25.75 46 75.25 95.5 97.25 100.25 115.25 119.25 102 88.5 93.25 103.5 107.5 98.75 90 107.5 132.25 140.75 136.5 110.75 66.5 33.5 20.25 15.25 13.25 11.25 11.25 12.5 12.25 11.75 13.25 18.75 26 29 30.5 36.5 44 56 79.25 109.5 144.5 173 171 141 110.25 91 89.75 109.5 131.75 134.75 134.5 147.75 154.75 148.75 141.75 148 175.25 201.25 195.5 162.5 136.75 133.25 128.75 120.75 129.25 148.25 168.75 194.75 201 162 114.75 
21 20.5 18.5 16.5 15.5 15.5 15.75 16 14 10.25 8 7.25 6.75 6.25 7 9.75 13.5 19.5 31 45.25 50.5 52.5 64.25 86.25 100.25 89.75 86 112.5 138 136 110.75 88.25 77.5 64 53.25 66.75 94 87 51 28 19.75 14.5 12 12.5 13.25 12.5 10.75 9.75 10.75 11.75 16.75 29 39 44.75 66.75 94.25 92.5 88.5 106.75 121.75 125.75 129.25 121 105.25 111.75 127.25 130 134 125.75 112.25 118.5 126.5 138.25 149.5 142 129.5 143.5 177.25 196 198 197 188.5 180.75 177 164 153.75 146.25 148 162.75 166 186.5 221.25 
