17.25 17.75 18.5 21 22.5 20.75 16.75 13.75 12.75 12 11.25 11.75 12.5 12.25 11.75 11 9.75 8.25 7.25 6.75 7.75 11 16.25 24.75 34 46.5 60.5 60.25 56.5 71.25 88.25 89.5 95 118.25 129 108 85.75 83.25 90.75 109 133.75 137 124 119.75 99.25 58 29.5 17.75 13.75 11.75 11 11.25 11.5 11.75 11.75 11.75 12.75 19.5 32.5 44.25 49.25 58.75 75 86.25 88.75 97 114.25 117.75 108.25 93.75 79.25 79.25 86.25 85 85.5 94.5 105.75 118.75 128 129.25 129.75 134 143.5 156.5 158 150.5 157.5 169.25 167 157.5 144.75 137.25 
22 20.25 21.5 21.75 19.75 19 20 20.25 19 16.25 12.75 10 8.25 8.75 10 10.25 12.5 14.75 13.5 11.25 10 9 8.5 7.5 8 11 13 16.75 24.25 35.25 48.25 56.25 65 90 120.5 131.75 127.75 116.25 97.75 89.25 98 105.25 108.5 127.5 148.75 156.25 148.5 110.5 59.25 30 19 13 11.5 10.5 9 9.25 11 13 13.75 12.25 11.25 15.25 25.75 35.5 38.25 41 51.5 67.5 81.25 102.25 129 135 130.5 130.25 121.25 117.5 135.75 151.75 153.75 157.5 162.5 155 135.5 113.75 96.25 89 96.75 119 133.5 130.5 129 127.5 
25 25.25 24.75 24.25 22.75 20.75 20.5 20.75 18 13.75 12.25 12.75 14 14.75 14 12.25 9.25 6.75 6.5 8.25 13.5 20.75 22.5 21.75 30 44.25 56.5 68.75 83 87.75 80 80.5 91.75 94 83.25 66.5 60 79 117.75 153 156.25 130.5 92 51.25 26.75 18.5 14.25 12.5 12.5 11.75 10.5 9.5 10.25 12.25 13 15.25 27 49.5 68.5 72.75 66.75 63.5 73.25 87.5 91.25 89.25 92.5 100 111.25 118.5 113 111.5 123.25 135 145 153 149 132.5 111.75 100.25 106.5 117.75 123.25 132.5 147 149.25 133.25 111.5 95.25 88.25 95.5 115.75 
22 22.5 21.25 18.25 16.5 18.25 21.5 23 22 19.5 16 11.75 10.25 11 12.75 15.75 17 18.25 19.5 17.25 14.5 11.75 7.75 6.25 8 10.25 13.25 20 33.25 44.5 50.5 56.5 60.5 66.25 73.25 72.5 73.5 90.5 102 94.25 93.75 100.25 95.5 96.75 101 95.25 88 68 39.5 22.5 15 11.75 10.75 9.75 9 9.5 10.75 11.25 11 11 12.5 18.25 32.25 46.25 48.25 50 65.75 86.25 89.75 80 83.25 96.25 101.5 103 100.5 92.25 95 106 114.25 121.25 124.5 125.25 122.75 112 100.75 98.5 98.25 93.5 97.75 114.75 126.25 123.25 
17 19 19.75 20.75 23.5 25 23.5 19.5 16.25 16.25 16.75 14.75 12.75 11.75 10.5 9.75 9.75 10 9.25 7.5 6.75 7.75 9.75 14 19.25 22.25 29.5 47.5 67.75 76.5 70 68 85.5 106.25 112.25 98.75 76 62.75 69.5 90.5 109.25 124.25 138 137.25 106.5 61.25 32.25 19.75 13.5 10.5 9.25 9.75 11.25 12.5 13.5 15.75 17 17.5 28 44.5 56.25 57.25 49.5 47.75 56.75 80.5 101.25 99.75 93 95.25 93 84.5 88.25 92.5 82 80 109.5 138.5 136.25 129.25 130.25 123.25 109.25 92.5 92 126.25 161.75 173.25 161.75 148 151.5 154.75 
21.75 21.5 20.25 20 21 20.75 18 14.5 11.75 9.75 9.25 10 10 12 15 14 12.25 12 11.25 9.5 7.25 7 8.75 10.75 13.25 17.75 30.75 51.75 61 54 57 78.5 88.5 77.5 65.25 60.75 63.5 75 85 81.5 76.25 79.5 95 108 100 73.25 43.75 26.25 18 13.75 11.75 10.5 9.5 9.25 10.25 12.75 15.25 14 12.25 14.75 19.5 27.5 33.5 39.5 50.75 64.25 83.75 96 102 109.5 105.25 96.25 87 73.5 65.5 68.5 81.75 99.75 106 105 112.75 115.75 100.25 85.25 86.5 98 121.75 145.75 158.25 155.5 139.75 135.75 
22.5 21 20.5 20.75 20.5 19.5 19.5 20.25 19.25 16.5 13.5 10.75 8.75 9.25 10.5 11 12.5 13.75 13.25 12 11 9.5 7.5 7.5 11.75 17.25 20 20.5 28.5 54.5 79.75 79.25 72.25 88 114.25 127.75 124.25 112.25 108.75 120.5 135.5 139 129.75 135 164 181.25 170.25 136 85.5 45.25 26.5 17.25 13.25 12.25 11.5 10.75 11 12 12.5 11.75 11.75 15.5 26 39.5 46.75 51 63 80.25 88 101 125 136.25 132 112.75 92.5 87 88 90.75 103.25 129.5 158.75 175.5 166.75 135.25 103.5 93.5 106 124 128 133 148 150 
23.5 23.25 23 22 21 20.5 20.75 20.25 18 15.5 13.5 11 10.25 10.5 12.25 16 16.5 15 14.75 13.75 11.25 9 7.75 7.5 9 11.25 15.5 26.75 45.25 60.75 64.75 63.75 65.5 67.25 69 75.5 83.75 82.75 73.25 73 84 103 124.25 133 142 159 155.75 114.5 61.75 30.25 17.75 12.25 9.75 9 9 10.25 12.75 14 14 14.25 16 20.75 27 30.25 31.5 39.5 58.25 79.25 93.75 101.25 105.5 110.25 117.5 116.5 102 97 109.5 119.75 122.75 122 113 104.5 107.25 110.25 100.75 91.5 98.5 122.75 143 132.25 110 110.75 
23.75 22.75 24.25 23.5 21.75 20.75 20.75 21.5 19.25 15.75 13.75 11.25 9.5 10.25 11.5 13.25 15.75 16.25 14.5 13.75 13.5 13 11.75 8.75 6.75 7.5 9.25 10.75 13.5 18.25 30 42 46.5 64.25 95 109.25 104.75 96.75 91.25 91 90.25 83.5 80.5 86.5 100.5 127.5 143 123.75 91 61.25 36.75 22.5 16.75 14 11.75 10.25 10 9.75 10 11 10.5 11 14 22 36.25 44 43.75 49 65.25 90.5 122.75 144.75 149.5 148.75 146.25 134.5 120.75 135.5 154 144 128.75 123.25 119.25 122 126.75 115.75 98.75 101 125.75 144.25 140.75 139 
24.25 23.5 19.25 15 13.5 13.5 14 14.75 14.5 13.5 11.75 9 6.75 6 7.5 9.75 12 17 27.5 43.5 59.75 73 81.75 92.75 102.25 89.5 66.75 58.5 66 78.5 83.5 87 108 131.25 125.25 103.5 90.25 73.5 45.5 24.5 16.25 12 10 9.75 10 10.5 11 10.75 10.75 13 16.5 23.5 38.5 62.25 77.5 70.5 56.5 51.75 62.75 84.25 100.25 96.25 81.75 75 76.5 83.25 95.25 112.75 133.5 151 161 160.25 151.5 153.25 165.5 167.5 157.75 143.5 124 106 94.5 91 99.5 110.25 116.75 118.5 116.5 114.5 112.5 116.5 121.25 115.25 
24.5 23 23 24 24 22.75 21.75 21.25 20.25 17.75 14.5 12.75 11.25 9.5 9.75 12.25 14.75 15.75 15.25 14 13 12.25 10.75 8.25 7 7.75 10 13 17.5 25 37 48.75 53.5 59 75.75 97.75 111.5 116.25 114.75 110.75 101.25 82.5 76 89.25 104.25 114.25 122.25 129.25 122.75 88.5 46.25 24.5 17 12.75 11.5 10.75 10.25 10.5 11.25 11.5 10.5 9.5 12.5 21.25 31.75 36 37 47 69.25 91 99.75 99.25 106 122.5 121.5 105 115.25 154.25 192 210.5 206.25 189.75 176.75 173.25 165.75 139 107.75 103.75 131.5 169.25 182 170 
14.75 15 15.25 16.5 17.5 18.25 19.25 19 17.5 14.75 11.75 10.75 11 11 11.25 11.5 10.75 9 7 5 4.75 6 8.25 11.25 13.25 13.5 17 31.5 51.5 61 69.5 90 111.5 126.75 127.75 113 96.75 97.25 105.25 97.25 82.75 79.5 91.5 104 105.75 101 77.5 43.75 22.5 15 12 11.25 11.75 11 11.25 10.5 10 10 11 14.25 22.25 34.25 43 47.75 50.5 55.25 69.25 94 113.25 119 120 106.5 78.5 66.75 81.75 96.5 101.75 105.75 106.25 110.25 118.75 121.5 116 108 104.25 109.75 123.75 133.75 145.25 151 147.25 160 
24.75 24.5 24.5 23.75 22.25 21 20.5 21 20.5 17.75 14.25 12 10.25 9.25 10 12 14.75 15.75 15 14 12.75 11.25 9 6.5 6.5 8.5 11 14.5 21.25 38.25 60.25 73.25 75.75 73.5 71 79.25 102.5 124.25 139.75 143.25 127 110.5 110 103.5 82.75 77.5 88.5 88.75 66.5 38 22.5 17 13.5 11.5 11 11.25 11 10.75 12 14 14.25 14.75 19.75 28 33.25 34.25 40.5 55 72.25 86.25 97 103.25 99 91.25 94.5 97.25 94.25 96.5 96.25 103.5 126.25 140.75 140.25 137.25 126 105.5 92.5 88 98.75 117.75 123.75 119.25 
24.75 22.5 19.25 17.75 18 17 14.5 12.5 11.25 11.25 11.75 11.25 8.5 7 6.75 7 11.75 18 22.75 28 40 57.75 66 70.75 80.75 84.5 88 93.75 95.75 94.5 83.5 68.25 70.5 90.25 103.75 106.5 109 106.25 83.75 49.25 26 17.75 15.25 13 11 11 12 13 14 14 14.25 16.75 25 39.25 50.75 52.75 48.25 45 48.25 59 72 79.75 81.5 83.25 81 72 68.75 69.75 66.25 65 74.75 91.75 107.25 120.75 134.5 147.5 153 136.25 111.5 114.75 141 155.25 141.25 125.25 126.75 131.5 135 135.25 118 94.25 91 97 
21 22.75 23.75 22.75 18.25 14 13 13.75 14 12.25 10 8.5 7.75 7.25 7.75 8.75 12.25 20.25 36.25 67.5 93.75 94 93.25 102.5 104.25 97 84.5 74.75 78 89.75 93.5 104.25 146.75 197.75 217.5 214.5 216.25 197.75 135.75 68.75 32.75 19.75 14.25 12.5 12.5 11.75 10.25 9.75 11.75 12.75 15.5 25 42 59.5 59.25 45.75 46.75 65 84.75 96.5 99.5 100.75 102.75 98 90.75 89.5 86.75 84.25 88.25 96.75 111.75 127.75 132.25 134 150.75 159 137 118.75 118.25 122.25 119.5 97.5 73 62.25 62.5 72 85.75 94.5 99 110.25 126.75 134.5 
26.25 26.75 24.5 23 23.25 22.25 20 18.5 18.5 20.5 22.25 21.25 19 16.25 13.25 11 10 10.75 13 15.25 16.25 16.5 14.5 10 7 7.75 11 14.25 15.25 19.5 35 58 71 71.5 79.5 95.5 101.75 92.75 83 80.5 74.5 69.75 76 80.75 83.25 98.25 119.75 129.5 120.25 88.75 51 29 18.5 13 10.75 10.5 11 10 9 9.25 9 9.25 11.75 19.25 35 48.75 52 55.75 67.75 89.5 114.5 133.25 148.25 159 151.5 120.25 95.5 97 111 115.5 103.75 102.25 117.75 123.25 112.25 98 88.25 91.75 113.25 141 148.25 135 
20.75 19.75 17 16.25 16.75 19 23 24 21.75 17.5 13 10 9.25 9.25 11.5 16.75 20.25 19.5 16.5 13 9.5 8 9.5 16 38.25 79.75 109.75 104.75 89.75 86.5 85.75 83.5 82.75 86.5 96.25 102.25 96.5 82 65 53.75 49.25 54 76.75 102 98 65 35.25 20.75 14.75 12.5 11.25 10 9.5 12.25 15 14.5 13.5 16 24 35 43 45.5 49.5 57 63.75 69 67.25 59.5 53.5 55 63.5 78.75 109 146.25 171 183.25 180.75 160.25 138.25 130.25 125 106.75 91.5 91.5 103.5 129.25 161 170 142.75 109 107.25 140.25 
15 15 13.5 12.25 11.75 10.5 10.25 10.75 9.75 8.75 7.5 7.75 11.75 21 46.75 83.75 99.75 93 99.25 116.75 113.25 92.5 79.75 77.25 76.5 75.25 73.25 63.75 52.25 45.75 40 42 58.75 80.5 79 53 31.25 21 14.25 11 10.5 11 12.5 13.75 13.25 11.75 12 14 15.5 21.25 40 67.25 84.25 91.5 97.25 101.25 100.75 100 112.5 125.75 125 111 106.75 141.75 193 219 220.5 205.25 190.5 193.75 193.25 172.25 156.5 170 187 175 144.5 120.5 114.25 117 116.5 121.25 124.5 118.75 134.75 168.5 177 166 158.25 150 141.75 129 
19.5 19.25 18.25 17.25 16.75 15.75 13.5 11 9.5 8.5 7.5 7.75 12.75 21.75 33.5 50.75 65.5 73.5 92.75 122.5 132.25 115 103 117 128.5 117.5 98.75 87.25 81.25 83.75 89.5 97.5 113.75 103.5 71 44 26.25 18.25 15 14.25 14.25 16 18.75 22.5 22.5 19.25 20.75 28.5 37.25 40.5 48.5 73.75 95.75 92 86 101.25 111.5 112 114.75 112 106.25 100.25 100.5 119.25 146 154.75 153.25 160.5 171.25 168.75 143.25 106.25 87.5 95.5 111.5 125.75 141.75 159.25 155.25 127.5 116.75 130.5 147.25 155.5 152.5 137.25 111.25 89 86.75 105.25 116.25 99.25 
21.5 20.75 19.75 21.25 21.25 17 12.75 10.75 11.5 13.5 14.5 13.25 10.5 7.5 7.5 11.75 20.25 39 64 78.5 77.25 70 72.5 88.5 100.25 107.5 120.5 124 99.5 68.5 58.5 62.75 65.75 66 74.75 94.25 98.75 70.5 37 21.5 16.5 13 10.75 11.25 13.5 14.25 17 22.25 21.75 16.25 14.75 18 24.25 33 44 57.25 69.5 79.5 88.75 96.25 98.25 100 101.75 98 98 104.75 105.25 99 104.75 127.75 148 140 117 121 144.25 151.75 145 139.75 136.75 136 138.75 141.25 139 129.75 113.75 103.25 106.5 112.75 120.25 125.25 113 97 
17.75 20.75 21.75 18.75 14.75 13 12.5 12 12.25 12 10.75 10.25 10.5 9.5 7.75 6.5 5.75 6.5 9.75 14 22.25 38.5 58.5 74.5 92 114 120.25 109 101 98.25 97.5 95.75 91 93.75 96.5 85.5 81.25 101.75 118.75 100.25 60.25 31.75 21 15.25 11.5 11.75 10.75 9 9.75 15.5 28 36.75 30.5 23.75 39.25 77.75 110 116 110.75 100.75 84.75 84.25 114 155.75 188.75 192 155.75 106.5 79.75 79 86.25 89 84 80.25 93.25 125.75 154.25 155.5 153.25 167.75 181.5 181 168.25 148.75 134 117.75 93.25 76.75 70.25 71 82.75 107.75 
19.5 19.25 19.5 17.75 15 12.5 11.25 11.25 12 12 10.25 8.5 7.75 8.75 16 31.5 48 54.25 50.75 50.25 57.5 67.75 76 81.75 85.25 89.25 95.5 91.75 79 70.75 65.5 58.25 53.25 61 84.25 99.75 82.5 48.5 25.5 16.25 13 10.5 9.75 10.5 10.25 10.25 10.75 10.75 13 18 22.25 27.5 37 49.25 60.25 73.75 95.25 107.5 98.75 87.75 88.5 97.75 103.25 101.5 110.75 144 183.5 203.75 199.75 180.5 161 152.5 145.5 139.5 145 157.5 154.5 132.5 122.75 134.25 137.75 120.75 110.25 117.75 124.5 124.5 129.75 136.5 132.5 126.25 127.5 125.25 
22.5 18.5 18.5 19.5 17 14 12.25 11.5 11.5 11.5 10.5 8.75 7.5 8.5 12.5 20.75 36.25 53.75 62.5 74.75 108.75 142.5 146.75 126.5 101.5 88.25 94.5 113 123.75 120.75 109.5 93 81 79.5 97.5 105.25 73.5 39.5 24 16.5 13.25 11.5 12.5 13 12.75 15.75 16.5 16 17.25 18.25 26.75 47.25 63.5 67.75 76.5 102 123.5 125.5 115.25 98.25 85.75 82.75 91.5 115.75 133.75 135.25 143 147.75 143 141.5 131.5 113.5 111.25 130.75 146 139 127.5 137.75 148.5 134.5 109.25 92 86 80.75 85.25 112.75 139.75 147 132 108 90.25 75.25 
25.75 25.75 25 23.5 23 23 21 18.75 18.5 20.5 22.25 22.25 20.5 17.5 13.5 10 9.5 10.75 12.5 15 16.5 16.75 15.5 11.75 7.75 6.5 9 13.25 23.25 45.5 74.75 96.5 98 89 91.75 99.75 93.5 77.75 73 91 114.25 115.75 98.5 83 72.75 67.5 76.75 101.25 119.25 104.5 65.75 34.75 21 15 12 10.75 9.5 8.25 9.25 12 14.5 18.75 24.25 28 34 41 46.25 56 70.25 77.75 80.5 86 95.25 108.25 122.25 140.25 163 178.5 179.75 167.75 148.75 124.25 94 79.75 88.5 107.5 126.25 133 129.5 137.5 160 170.75 
18.25 19.25 18.75 15.5 12.5 10.5 9 9.25 10.25 10.5 11.75 14.25 13.5 11.75 11.25 9.5 7.75 6.5 7.5 11 19 36.25 61.5 83 96.75 107.25 109 104.5 105.25 107.25 106.75 108.5 110.5 108.75 102.75 98.5 94.75 86.75 82.5 95 114.25 110 78 42.75 23.5 16.75 12.5 10.25 10 9.75 12.25 19.75 23.75 20 18.75 31 58 84.5 92.75 88.25 80.25 70.75 70 79.5 91.5 104.25 107 91.75 73.75 68.5 73.5 89.25 108.25 105.25 88.5 85.25 100 116 117.25 114 128.75 152.5 157.5 147.75 138 126.25 115 105.75 91.75 80.25 82.25 91.75 
20.5 17.25 15.5 15.5 14 12.25 12.25 11.5 10.5 9.75 9.25 8.5 7.25 7.25 9.5 12 17.75 28 39.25 54 75.25 94 101.75 97.75 82 65.5 67 83 83 65.25 59 67.25 70.25 70.25 88.5 112.5 96.75 54.25 29.5 20.25 15.5 12.75 10.75 10 9.5 9.75 10.75 12.75 17 19 18.5 21.75 38.75 68.75 89.25 85.75 81.75 91.5 93.25 86 90.5 106.25 117.75 122 117 108 105.25 113.75 143.25 174.75 172.75 142.25 123.5 133.5 157 180.5 190.25 180 160.25 153 159.75 162 153 130 110.75 113.75 118 122 144 166.75 163.75 131.5 
19.5 16.25 13.25 11.75 11.25 11.75 12.25 11.5 10.75 10.25 9.5 8 6.5 6.5 7.5 11.75 22.25 40.5 67.25 93.75 109.25 115.25 114.75 101 79.5 71.75 83.5 100.5 111 111.5 102.5 92 82.25 68 57.5 56.25 53.75 44 32.75 23.75 17 13.75 11.5 10.25 9.25 9.25 12.75 19.25 26 24.75 22.75 37 65 86 88.75 82.5 74.5 70.75 80 101.5 123 142 161 166.25 142 107.25 102 129.25 163.25 178.25 164.5 149.25 160.5 179.25 185.25 184.75 181.25 184.25 193.5 184.5 155 124.75 109.75 111.5 118 122.25 124.25 137.75 151.25 142.25 123.25 112.25 
17.75 15.25 15 14.5 12.75 11.25 10.5 10 10 9 7.25 6.5 7 10.25 18 32.5 49.5 67.75 90.25 102 93 87 87.75 82.75 81.5 83.5 83.25 82.25 75.25 58.5 44.25 37 40.75 58.5 68.5 54.25 33.75 22 16 13.5 11.5 10.5 10 9.5 9.75 11 16 19 17.25 19 31.25 59.25 92.5 112 110.75 94 82 84.25 93.5 103 122.5 145.25 139.25 122.25 122.75 129.5 134.25 146 152 133.25 114.5 122 141.25 152.75 154.25 152.5 156.75 164 167.75 167 152.25 123.75 105.5 107.5 118.25 134.75 157.25 169.5 159.25 136 115.25 109 
18 15 13.75 13.5 12.75 11.5 10.5 10 10 9.25 8 8.25 9.25 12 18 30.25 54.75 78 85.5 91 110.75 124 112.5 91.75 77 72.75 77 81 73 60 59.25 64 63.25 66.5 79.75 90.25 80 52.75 28.5 17.25 13.25 11 10.25 10.25 10 8.75 10 12.25 14.5 18 25 45.5 76.25 93.25 88 84.75 98.25 106.25 101.75 106.5 131.25 152.25 139 123.25 145.75 177.5 191 192.5 181.25 161.25 151 151.75 149.75 149.75 152.25 154 153.5 146 139 139.75 138 132.5 135 138.25 134.5 144.5 173 192.5 192.25 173.5 145 122.5 
20.25 17.25 16 16 15 13 11.25 10.25 10 10 9.5 8.25 7.25 6.75 9.25 16.25 28 47.75 68.5 77.5 75 72 75 79.75 82.5 86.5 95 107.25 109 89.25 67.75 61.75 80.75 128.25 170.5 173 134.25 79 38.75 20.75 14.5 12 11.25 9.75 8.25 8.75 10.25 12 13.75 17.75 25 36.25 47.25 54 56.25 57.75 62 65.75 69 73 85.25 105.75 118.25 118.75 113.75 114.75 128.5 147.75 158.25 148.25 125 114.75 119.25 118.25 116 126.25 141 140 124.5 109.75 100.5 93.25 88 87.75 91.5 96.5 109.75 131.5 143.75 138.25 122.75 108.75 
16.75 14 12.75 12.5 12 11.75 11.75 10.75 10 9.5 8 6.5 7 7.5 10 20.5 45.25 88.25 125.75 131.25 111.75 91.75 91.5 109.5 128.25 134.5 121.75 101.25 95.75 96.25 94.25 102.5 114.5 123.25 127.25 122 95 54.5 28.5 18.25 14.25 12 11 10 10.75 14.25 17.5 17.75 16.5 19.75 33 57.75 78.25 84 86.5 88.75 84.75 83.25 95.25 113 121.75 122.75 122.75 117.5 108.75 101.5 101.5 120.5 136 121.75 99.75 93.25 98.5 100.25 97.75 110 138.5 158.75 156.25 147 151.75 163.75 158 125.5 86.75 67.25 68 85.5 116.5 134.5 125.5 114 
19.75 16.25 13.5 12.75 12.5 12 11.5 10.25 9.75 10.25 10 8.5 7.75 7.75 9.5 17.5 34.25 61 97.25 132.75 136.5 107.25 81.25 68.5 63.75 74.25 95.75 113 112.75 96.5 78.75 68.75 69.5 93.25 141.75 173.75 164.5 133.25 91.25 46.5 22.25 15.75 12.25 11 10.5 11 11.5 12.25 16 18.25 20.25 28.75 47 68.25 87.5 112.5 132.5 121 91.75 81.5 94.5 114.5 134 147 141.5 119.5 98.5 90 99.25 117.25 119.5 111.5 111.5 119.25 119.75 109.5 113.75 135.25 147.75 139.5 128.75 136.5 153.75 160.5 149.5 122.25 90.25 77.5 94 128 149.75 133.25 
18 14.75 11.75 10.75 11 11 11.5 11.75 10.75 9.75 8.75 7 5.25 7.5 9.75 11.25 17.25 27.5 40.75 55.5 67.75 68.75 65.75 66.25 73.5 85.75 86.5 83.25 82 79.75 84.75 85 78 70.75 67.5 89 120.25 105 54.75 26.5 18 13.5 12 11.25 12 12.5 13.25 13.75 14 14.5 15 20 30.25 44.25 65.75 101 137.75 142.5 119.75 96.25 85.25 85.5 80.5 88.25 121.75 140 136.75 136.75 136.25 133.25 139.25 146 132.5 105.5 93.5 98.75 102.25 107.75 120.5 125.5 111.5 103.75 113.5 124.25 130.75 126.5 116.25 124.75 147 155.25 147.25 143.5 
23 20.75 19.75 20.5 20.25 18 15 12.25 10.5 9 8 9.5 12 13.5 13.75 12.75 11.25 9.75 8.25 7.25 7 7.5 10 13.75 19.25 33 55 74.25 84 82.5 79.25 86.75 100.75 117 132.5 135.75 125 110.25 92.75 75.75 66.5 62.5 64 75.25 85.75 74 44.5 25 17.25 13 11.75 10.25 9.25 8.75 9.75 11.25 12 13.5 16.25 23 40.75 73.75 98 92.5 86 102.25 120.25 120 111 111.5 117.75 118.25 118 123.25 134.75 148.5 154.25 152 149.25 144.5 130 117.75 123.25 127 118 112.25 118.5 132 137 128.5 124.25 130.5 
23.5 23.25 20.75 17.5 15.75 15 13.75 12.5 11.5 10.25 9 9 8.5 6.5 6.5 8.25 10 12.25 16 23 36.5 54.25 70.25 87 98.25 93.25 86.5 100.25 125 142.25 139.5 115 91.5 91.25 102 89 60.5 47.75 49.75 42.5 28 19.25 14.5 13.25 12.75 12 10.75 10 11.25 13.25 14.25 14.25 17.5 23.75 29.25 42.5 61.25 75 87.5 93.5 81 67 68.25 82.25 107.5 120 110 105.5 104.5 103.25 121.5 131 118.25 114.75 122.5 122.75 121 129.25 150.5 165.5 161.5 159.75 153.5 143.25 138 125 110.25 116.75 141.25 155.75 170.25 193.75 
22 22.25 21.25 18 16 17.5 21.75 24.25 22.75 19.75 14.75 10.25 9.5 10.25 11.75 14.5 16.75 17.5 15.75 11 6.25 5 7 7 7.75 13.25 19 30.25 50.75 70 79.75 83.5 87.5 88.5 84.75 82.25 88 94.5 86 69.5 62.25 65 71.25 77.75 96.75 105.25 73.75 37.75 21.25 14.75 11.5 10.75 12.5 12.75 11 10.75 12.5 17.25 23.5 27.5 38.25 56 63 67.75 86.25 109.75 129.5 139.25 136 127.5 114.5 107 105.75 104.5 121.5 147.25 157.25 147.25 132.75 127.25 130 141.25 147.5 142.25 142.5 150.5 148.75 136 134.25 146.25 151.75 153.75 
17.5 14 11.75 12.25 12.75 12.5 12.5 12 11.25 11 10.25 8.25 6.75 7 7.75 9.25 12 16.75 28.5 47.5 60.25 57.5 55 63.25 78.75 97.25 102.25 92 88.25 94 94 86.75 81 72.75 61.75 61.75 73.25 75.5 55.75 31 18 12.5 9.75 9 8.75 8.75 8.25 8.25 9 9.5 10.75 14.25 19.5 27.75 42 63.5 87.75 101 102.25 110.25 123 116 94.75 84 84.25 87 96 113.25 127.25 131.75 129.5 128.75 139.75 145.5 129.5 116.75 117.25 110.5 108 128 146.5 135.5 107 92.25 99.5 110.75 113.75 117.5 127.75 141.25 152.75 150.75 
21.25 20.25 20 20 18.5 15.5 13 10.5 9 9.75 10.75 13.25 15.75 15.75 14.5 12.25 9.5 7.5 7.25 7.75 8.75 11 13.75 18 25.25 34.5 53.5 85.25 113.75 114 90.25 80.25 91.5 97 87.5 73 62.25 57.75 51.25 44 47.75 68 78.25 57.75 33 20.5 14.75 12 10.5 10.5 11.25 13.75 16.5 15.75 14 14 21 31 35.75 46 72.75 95 95.75 99.5 106 103.75 108.75 118.5 121.25 113 100.25 96.25 112.75 139.75 140.25 128.75 136.25 144 135.5 122.75 121.25 127.5 123 114.75 119 133.25 158 171 156.75 138.25 128.25 111.25 
22 19.25 19 19.5 16.75 13.75 13 11.75 11.25 12 11.75 9.5 7.25 6.75 8.25 10.25 13.5 19 27 39.5 59.5 91 121.25 129.25 110.25 94.75 96.5 102.5 114.75 125 117.25 92 86.75 120.25 171.5 222 243.5 199.25 115 57.25 31.75 20 16.25 13.25 11.75 12.25 13 16.25 21.5 21.5 19.5 25.5 37.75 46.75 54.75 70.5 98.25 135.5 151.5 139 127.25 120.75 117 113.75 104.25 101.25 114.5 130 133.75 129.25 135.25 157.25 177 178.25 164 153.5 154.75 164.75 176.75 174.5 166 168.75 177 169.5 145.75 148.25 184.25 217.75 223.5 212.5 195.75 169.5 
23 23.5 20.75 16.75 14.5 14 13.5 12.25 11 10.25 9.75 9.5 8.5 7 6 5.75 7.25 10.5 15 20.5 27.5 38.25 54 75.25 96.25 111 123 128 122.75 122 119.25 103.75 85.75 77.75 80 81.5 76.75 79 94.5 88.25 54.25 30 21 17 17 17.25 18 19.75 22.25 22.75 20.75 20 22.25 25.5 33 51 75.5 98.75 113.25 112.5 104.75 104 101.5 90.25 89.25 99 102.75 118.25 153 159.75 139.75 141.25 160 165.75 144.75 126.75 139 159.25 168.25 166.75 158.75 145.5 136.5 142.75 154 148.75 133.5 120.5 115.5 134.75 166.25 184.75 
23.5 22.75 21.25 20.25 21 22.25 22 20.75 19 16.75 14 12.75 13 13.5 15.25 17.25 17.75 16.5 14.25 12 11.5 12.25 14.25 19.75 30.25 42.75 55.5 73 89.75 99.75 101 91.25 82.25 81.5 83.25 86.5 89 82 67.5 60.25 69.75 87.5 108.25 137.75 149 110.75 56.75 28.25 17.5 12.5 10.75 10.25 10.75 11.75 12.75 13.25 13.25 13.5 17.25 25.25 39.75 61.25 79.5 94 117 140.5 149 149.5 152.5 153 140.5 126 130.5 141.25 139.25 135.5 141 153.5 162.25 153.75 141 136.75 132.5 125.75 121.5 124.75 140.75 165 180.75 173.5 152.75 138.5 
19.25 19.75 20.5 20.5 18.5 16.25 13.75 10.5 9 10 12.25 15.25 16.25 15.75 15.25 12.25 8.5 6.5 7.25 9.25 11 14.5 21.5 30 44 63.25 74 79.75 93.5 108.25 118 117 103.25 95.25 96.5 92.75 84 74.25 70.5 72 77 89.5 82.25 48.75 24 15.75 11.5 10.5 10.75 9.75 8.75 9 11 12.5 14.25 17.75 23.5 35 54.5 80.75 99.25 107.25 118.25 133.25 138.75 132 129.5 131 129 132.5 144 149 142 137.25 144.25 157.5 166 154 140 143.75 150 151.75 145.75 137.25 140 155.75 170 171.5 159 137.75 128 124 
16.25 13.25 12 12.25 12 11.75 11.75 11 10.5 10.25 9.25 8 7.25 6.75 7.5 10.25 15.5 28.5 47.5 59.5 65.5 72.75 81.5 95.5 112.25 119 122.5 128.75 116 87.25 64 54 56.75 60.75 57.25 56.5 56.25 41.75 25.5 17.75 13 11.25 10 8.75 9.25 9.75 11 12.25 11.75 12.75 19.25 27.25 34.25 47.5 66.75 84.5 96 100.5 106.5 116.25 115.25 104.75 97.25 96.75 107 123.5 131.75 126.5 125.25 136.75 150 155 144.5 124.25 118.25 132.25 148.25 152.25 143.75 134.75 135.5 147.5 162 165.75 162.25 162.5 161.25 158.25 162.5 172 180.5 184.75 
20.5 20.25 21 21.75 20.25 16.5 13.75 11.75 10 10 10.75 13.5 16 15.75 15.25 14 10.75 7.5 7 7.75 10.75 18 26.75 36.5 51.25 77 96 90 86 99.75 112.25 112.25 107.25 109.75 118.25 120.75 107.75 86.75 70.75 61 55.25 64 77.75 60.25 31.25 19.5 15 12.75 11.25 11 12 11.25 10.75 10.25 10.75 14 18.5 31.25 45.25 54.75 76.25 103.5 121.75 136.5 143 141.5 146.25 144.75 124.25 104.25 108.25 131.5 150.5 168 178 168.25 166.25 175.75 160.25 125.75 120.5 146 169.75 166.75 147.5 156 182.25 192 189.25 181 154.25 127.75 
21.75 22 20.25 18 15.75 12 10.25 11.5 12.25 14 15.75 16.25 16.25 14.75 11.75 8.75 7.75 8.25 9 11 16.75 25.75 39.25 51 55 61 76.75 94.75 98.75 97 101.5 100.75 96 89 85 82.75 72.5 66.5 73.75 106.25 135.5 110.25 59 29.75 19.75 15 12.5 12 11.5 12 13.75 13.75 14.5 19.5 24 28.75 39.25 58.5 85.75 105.5 112.75 122 136.25 148.75 154.5 134.75 108.25 113.5 132 137.25 135 131.25 117.25 105.25 116.25 134.25 137.25 131.5 128 132.75 135.75 129.75 124 124.75 138.5 146.5 135 119.25 113.75 118.75 121.25 120.25 
22.75 20.25 17 15.75 15.75 14.75 13.25 12 11 10 9 7.75 6.25 5.75 7 8.25 12.25 21.25 31 40.5 50.25 68.5 93.25 104 93.75 78.75 73.75 70 68.25 71 66.75 57.75 53.25 57.25 73.25 97.5 111.25 93.75 56.5 29.5 18.5 14.5 11.75 11 11.5 10.75 10.25 10.75 12.75 15.5 18.25 25.5 38 52.5 73 91 96.25 99 101.25 99.25 92.25 85 85 91.25 94.25 94 102.5 115 115.5 106.75 116.5 138 138.75 121 103.75 105.25 126.75 147.5 154.25 156.25 166.25 176.25 173 159.25 146 144.75 157.75 170.75 177.25 188.5 195.75 183 
