18.25 16.5 14.75 14.25 16 20 24 25.75 25.5 24.5 22.5 19.75 16.25 13 10.5 8.75 8.5 7.75 6.25 6 7.5 9.25 12.75 20.75 32.5 42 48.75 62 79.5 89.75 92 89.5 87 87.5 84.25 77.25 75.5 85 89.5 83 90.5 113.5 120 94.75 56.25 29.75 19.5 15.5 13.5 12.75 11.75 10 9.5 10.75 13 14.75 17.5 23.25 31 37.5 43.5 54 72 94 109 116.25 121 114.5 97.75 84.75 85.25 101.75 108 87.75 73.5 80 92.5 103.5 113 122.5 130.75 130.5 120.75 118 134.5 156.75 171 179.75 184 179.75 166.5 152.25 
27.25 27.5 25.25 21.25 17.25 16.5 16.5 15.5 15.25 15.5 19.75 25.5 26.5 24.5 21.5 17.75 15.25 14 12.5 10.5 9.25 8 6.25 6.25 8.5 11.75 17.5 25.75 32.5 44.5 58.25 61 67.5 83 91 97.75 98.25 92.75 107 119 112.25 95.75 72.75 57.25 55.75 75 88.25 63.5 33 20 14.25 12.25 12 11.25 10 9.5 9.5 9 8.75 10.25 13.5 21 41 58.5 50.5 34.5 37.25 55.75 76.75 94.5 104 108.25 119.5 131.25 132.25 121.5 112.25 115.25 108.75 87.25 78.5 107.5 137.25 148 160.25 165.75 169.75 162.25 147.25 157.25 176.75 171.75 
20 21.5 20.25 18.5 18.5 17.75 16.75 15.5 12.5 10 10.5 12.25 13.75 14 14.25 14.5 11.5 8.25 8.5 10 12 15.75 22 31.25 39.5 52 76 108.25 132 127.5 108.5 90.75 80.25 75 69.75 71.25 77 85 101.5 119 121 102.5 67.5 36.25 20.75 14.25 11.5 10.5 10.5 10 9.25 8.75 9.75 11.5 14 18.25 22.75 24 24.25 34 57.25 81.75 87.5 73.5 61 60.75 67.25 75 79.75 83.5 93.25 102 99 98.25 110.75 124.25 125.5 118.75 123.5 133.5 134.5 142 156.25 164 177.25 173.75 140.75 117.5 106.75 99.25 101.75 111 
21.5 18.75 16.75 18.25 20.75 22.25 23.5 24.25 24.75 24.25 22 19.5 18.5 18.5 19.25 20 19 17 15.75 15.25 13.25 9.75 7.5 7.5 8 11.5 21 31.5 38 45 53.5 58 57 57.5 71 90.75 106.5 117.75 123.75 123 117.5 107 88.5 73.25 78.25 101.25 118.25 102.75 63.25 32 16.75 11.25 10.5 11 11.5 11 10.5 10.75 11.5 13 18 32 56.75 73.25 65.5 48.25 40 47.25 62.5 76 84.25 85 82.25 83 89 93 88.5 84.75 87.25 90.5 92 97.75 107.75 117.25 137.75 165.25 175.75 165 155.75 155.5 148.5 133.25 
23.25 20.75 17.75 16.5 17.75 18.75 19 20.5 21.75 21.75 20.5 18 17 17.25 15.25 12.5 11.5 11.5 10 7.25 6 7 9.5 13 25 47 61.5 62 68.75 86.25 105.5 111.75 95 87.25 95.5 97.75 95.25 90 92.25 106 118.25 130.5 140.75 140.5 119.75 74 36.75 22.25 15.75 12.75 11.5 11.75 10.5 9.75 12.25 16.5 18.75 20 22.5 24.25 28 41 55.25 66.75 85.25 94.5 80.5 67.25 65 69 71.5 78.25 104.25 126 120.75 97 79.25 88.75 114.25 126.75 134.25 155.5 167.75 156.75 152.75 169 183.75 186.5 173.25 145 118.25 108.25 
23.25 20.25 18.75 18.25 17.25 16 15.25 18.5 24.75 27 26 23.75 20.5 17.5 14.75 12.75 11.75 11.5 10.5 7.75 6.5 6 6.5 9.25 12.75 19.25 29 41.5 52.75 56.25 62.25 83 103.5 111.75 114.75 109.25 89.25 71 64.5 61.25 61.5 63.75 67 86.75 104.25 83.5 46.25 24.75 16.5 13.25 12 11.75 12 12.25 12.25 11.75 12.5 15.25 20.25 26.75 30.5 30.75 30.5 32 40.75 63.75 93.75 112.5 105.5 89.5 91 108.25 115.25 100 89.25 94.75 97.75 92.25 100.5 132.25 159.75 158.5 139.75 125.25 110.75 91.5 87.5 115.25 150 152 125.25 96 
26.5 27 25.75 22.25 18.25 17.25 17.25 16.5 15.5 14.25 17.75 24 27 26.25 23.25 20 17.5 16 14.25 11.75 10.5 9.5 7.5 7 7.75 9.5 17.75 33.25 47.5 51 48.25 46.5 56.5 84 111.5 117.25 114 125.25 139 141.5 138.25 136.5 118.75 82.5 66 92.25 131.25 130.25 86.25 43.75 24 16.75 13.25 11.25 11.25 11.5 10.25 10.25 11.75 15 20 27.75 35 35.75 33.25 33.75 50.25 86 114 118.75 110.75 95.75 85.75 92.75 109.25 127.5 150.75 172.5 171.25 146 140.5 168.25 187.25 179.75 179.5 192.25 182.75 168.5 168 172.25 172.75 161.75 
26.25 24 20.75 19.5 19.5 19.25 18.75 19.25 21.75 24.75 26 25 22.25 18.75 16 15 15 14.75 13.5 11.5 8.5 6.75 7.25 7.25 9.5 19.25 30.75 33 35.25 44.75 51.5 59 70 84.5 107.5 120.25 112 103.5 98 86.5 78.75 78.75 71.25 59.25 65.5 89.75 94.75 62.5 30.75 17.5 12.5 10 8.75 10 10 9.25 9.5 10 11.25 14.25 22.75 42.5 64.75 68.25 53.75 42 47.5 74.75 103 103.5 83.75 71.5 78.5 95.25 101.5 108 127.5 135.5 124.5 108.25 114.75 151.5 173.25 165.75 161.5 158.25 146.75 143 152.75 162.75 153.75 133.25 
25.5 26.5 24.5 21.25 19.75 19.25 19 18.5 18 20.25 24.75 27.5 26.5 23.75 20.5 17 15.25 14.75 14 13.5 12.75 12 10.75 8.75 7.75 8 11.25 18.25 34.75 59 67.75 55.75 47 58.75 82.5 93.25 80 64.75 67 82.75 100.25 103.25 93.25 83.5 75 65.25 69 93.5 109.75 88.5 48.5 24.5 16.25 13.25 12 11.5 11 10.25 10.25 11.25 12.25 13 17.75 33.25 56.5 67.25 56.25 43.5 45.75 54.75 63.5 75.25 82.75 82.5 88.5 100.25 102 94.25 85 84 85.75 78 78.75 110.5 147.75 155.75 152.25 156.25 147.25 125.25 118.5 127 
13 12 11.25 11 12.75 15.25 16 15.25 14.75 14.25 11.75 8.75 6.25 7.25 10.75 11.75 17 34.25 54.25 63.75 66.5 64.25 59 58.75 61.5 66.25 77 92 101 94.5 78.25 76 86 84 73.75 64.25 48.5 29.75 18 13.5 11.25 10 9.5 9 9 9 9 8.5 10.25 17.25 27.5 39 52.5 61.75 59 53.5 62.75 87.25 108.25 112.25 109.25 101.25 87.25 87.75 109.25 131 139.75 144.25 155 161 150.25 136 131.5 139.25 145.75 143.5 142 144.75 140.5 130.5 130.25 130.25 124.75 127 138.25 145.5 138.75 129.5 131.5 135 130 117.75 
24 26.25 26.25 23.75 21 19.5 19 18.75 18.25 19 22.25 25.75 26.75 25.5 22.5 18 14.5 13.75 14 13.75 13 12 9.5 6.5 6 7.5 11 16.75 24.75 31.75 37.5 45.5 55.75 71.75 90.5 97.75 101.25 109.25 106.75 104 110.5 108.25 92.5 78.5 76.75 84.25 100.5 102.5 72 39.75 23.25 16.25 13.25 11 10 9.75 10 10.5 11.25 11.25 12.5 15.75 24.25 42.5 57.75 53.75 42.75 46.5 72.5 108 126 119.75 109 120.5 142.5 139.75 119.25 114 123.5 122 101.25 89.75 117.25 157.75 169.5 168.25 172.75 160.5 139.25 136.25 154 176.5 
24 20.75 18 16.75 15.75 14.75 14 14.5 18.25 23 25 25 24.5 22.75 20 16.5 12.75 10.25 9.25 8 6.5 5.75 7.25 10.75 17.25 27.25 35.75 42 52.75 61.5 65.5 77.25 87.75 85.25 80.25 78 78.5 84.25 85.75 81.75 78 74.5 71 73.5 91.75 102.5 78 42.5 22.75 15 11.75 10.25 10.25 11.5 12 11 10.25 11.75 22.5 43.75 57.75 53.75 45.25 39.75 41 58 76.75 78.25 72.75 71.5 73.5 82.5 98 105.5 100.5 101 102.5 97.5 105.5 130.25 148.75 154.5 160 160 143.5 128.5 127.75 133 139.5 137 126.25 122 
23.75 26 25.25 22.5 20 19 19 18.25 17 18.75 23.5 26.5 25.75 23.25 19.75 16 14.25 14 13.75 13 11.75 9 6.75 6.25 6.75 9.25 12.5 17.5 26 40.75 64.25 78 70.25 63 67.5 71.25 68 62.75 63.5 72.5 82.75 85.75 77.75 66.75 62.5 65.25 71.75 71.5 55.25 32.25 17.75 13 11.5 13 15.25 14 11.75 11.25 12 12.75 14.25 21.75 35.5 48.5 52.25 48 44.75 51.25 72 92.75 95.25 81 69 68 71 73 76.25 83.25 87.5 84.75 81.25 85.25 102.25 128.5 149.75 161.25 168.25 170 164.75 164.25 176 181.25 
16.75 17.75 20 21 20 17.75 15.75 14.75 13.5 11.75 10.5 9.5 8.25 6.75 7 8 9.5 15.5 25.75 38 46.25 59.25 80 88 89.5 92.5 84.75 83 92 94.5 91.75 88.5 87.25 85.5 87.75 102 114.5 110.75 86.5 52.5 29.5 18 13.5 12.25 10.25 9 9.25 10.5 12.25 12.25 11.5 13.75 20.75 28 35.75 50.5 64.5 68 71.5 83.75 97 95.25 79.5 74.5 84.5 97 108.5 124.5 145 148.25 135.5 132.5 142.25 155.75 162.25 165.25 167.75 167.25 163.75 157.75 166.25 186.25 185.5 161.5 147.5 141.5 127.75 118.5 120 135 153.75 159 
11.75 11.5 11.5 11.75 11.25 11.5 13.75 15 13.75 11.5 9.75 8 5.75 6 8.25 10.5 12.5 18.5 35.5 51.75 61 71 74 72.75 79 97.75 117.5 114.5 91.25 78.5 88 99.75 95.25 82.75 93.25 123.75 134.75 106 60.25 31.25 18.75 12.75 11.75 11.75 11 10.75 10.75 10 13 19.5 25.25 28.5 35.25 51.25 62.25 57 55.75 65.25 63 62.25 74.25 81 79 73 68.5 81 117.75 134.25 116.5 110 125.75 144.75 149 144.25 145.75 150.25 144.75 131 139 157.75 146.25 122 116 118.75 118.75 114 102.75 95.5 110.5 133 128.5 104 
17.25 18.75 21.5 23.25 21.75 17.5 16.5 18.75 19 19 20.25 22.5 24.75 24.5 22.5 20.25 18 17 17 16.5 14.25 12.5 11 8.25 7.5 8.25 9.5 12.25 19 26.5 32 38.25 46.75 64.75 90.25 106 100.25 92.5 97.25 97.5 90.75 88.5 92.75 91.25 83.25 80 96.25 129.5 130.25 85.25 44.5 25.25 15.5 12 10.75 10.5 10.25 9.75 9.5 9.75 10 12.25 17 25.5 43 58.25 56.25 48 55.5 82.5 116.25 134 122.5 102.75 90.75 85.75 85.25 87.25 93.25 98.75 96 95.5 128.25 173 176.25 154.75 143.25 133.25 122.5 127 150.75 175.5 
23.75 21.25 21.25 23.25 24.75 25 24.75 24.25 23.5 22 19.75 17.75 17.75 18.75 19.25 17.75 14.75 14.25 14.75 12.5 8.75 7.25 9 15.25 27 46.75 74 94 90.5 74.5 77 94.75 102.25 103.25 100.25 85.25 75.25 78.75 78.75 72 69.25 70.25 74.5 84.75 89.25 72 43.5 23.75 14.5 12 12.75 15 15.5 14.5 13.5 12.75 15 20 25.75 30.5 37.75 45 47.5 48.25 48.75 54.5 68 78.25 78.5 73.25 68.25 73.5 86.5 87 79.25 84.25 104.25 111.25 100 106.5 129.75 144.25 147 147.25 150.25 151 145.75 139 124 100.5 98.25 124.25 
21.75 20.75 19.25 17.25 15.25 12.75 11.5 12 12 10 7.75 7.5 9.75 15 25.75 43 63 78.75 83.75 79.5 75 69 62 59.25 62 73.75 85 86.5 77.75 61 50 63 88.75 91.5 65 37 21.75 14.75 12 10.5 9.5 9 10 12.5 15.75 17.5 17 18.25 29 52.5 83.5 111.5 131.25 139.25 133.25 126.25 122.25 115.5 115.25 134 163.75 180.75 168.75 141.5 130.75 135.25 138.25 142.25 151.75 157.5 144.25 120.75 112.25 117.75 121.75 123.25 128 131.75 130.25 127 123.25 120.5 127.5 151.75 182.5 184 147.75 110 100.25 118.5 136.75 134.5 
11.75 10 11 14.5 14.75 12 9.75 8 7.5 7.25 7 8.25 13.25 23.25 45.75 77.5 104.5 128 144.5 131.75 105 90 81.75 84.75 97.25 107 106.5 94.25 84.5 76.75 65.5 69.75 101 125.25 99.75 53.75 27.75 17.25 12 10 9.75 9.5 9.75 9.25 10 17.25 29.5 34.5 35.25 45 56 63.75 78.5 101.25 119.5 126.25 126 119.25 107.75 98.25 96 98.5 101.5 116.75 140.25 156.5 167.25 177.5 192.75 201 183.5 168.25 186.75 195.5 156.25 107 89 116 155 143.75 103 94.75 117.75 140.5 152.75 162 165.5 145.5 112.25 99.5 109.75 125.5 
19.25 18 15.75 13.5 11.25 9.5 9.5 11.25 13.5 14.5 13.25 11 8.5 7.5 8.75 12.5 22.25 38 54.25 64.5 74 86.5 97.75 111.75 123.25 113.25 88 73 74 82 89.75 92.25 91.5 88.25 85.25 98.25 111.5 89.5 50 26.25 16.5 12.25 10.5 10.25 9.75 9.75 11 11.25 12.25 14.75 18.5 27.75 50.5 81.75 104.5 115.75 124.25 130.25 125 106.25 86.5 82.75 94 105 105.75 101.75 108.75 127.75 148.75 164.5 169.5 170.75 167.25 148 132 136.5 145.5 144.5 135.25 129.25 132.5 129.75 110.25 89.75 78.5 81 97.5 112.5 115.5 114.25 116.25 113.75 
13 14 17.25 22.25 25.75 25.5 23.75 22.5 21 18.75 15.5 11.75 9.25 8.25 8.5 7.75 7.5 9 14.75 35 69.5 88.75 94.5 110.75 111.25 108.25 126.5 125.5 115.5 123.5 116.25 90.25 71.75 65.5 77.75 96.5 98.75 106.5 119 99.75 58.25 30 19.25 14.75 12 10.5 10.5 12.75 17 16.5 12.75 14.75 19.25 18.5 25 60.25 103.5 120 112.25 101 97.25 94 99.5 116.5 121.5 110.25 101.75 110.75 139.25 167.75 169 146.75 129.5 125 126.75 136.25 128.5 107.75 115.5 145.5 160.5 164 170.5 155 131 124.25 121.5 119 121.5 122 118.75 121.75 
18.75 19.25 18.5 15.25 12.5 12.75 13.25 12.25 11.75 12.5 11.5 8.25 6.75 7.75 11.75 21.75 37 53.75 67.5 75.5 85.75 95.5 94 83.75 69.75 58.25 56.25 61.25 65 69.75 68.75 60.5 60.25 73.25 84.5 71 42.5 23.5 16.5 14 12 11.5 11.5 10.75 11 12.5 14 13.75 14.75 19 24.75 35 48.25 59.25 75.25 93 93 82.75 81 80.5 77 79.5 88.5 105 118.25 112 101.5 102.75 110 120.5 137 151.5 148 127 109.75 109 114.5 121 127.75 126.5 115 102.25 101.5 113.25 127.25 137.5 140 128.25 108.75 98.25 99.75 104.5 
17.75 18.25 18.75 17.75 14.5 12.25 12 12 11.25 9.75 8.5 8 8.5 9 13.5 22.5 37.75 71.25 107.25 115.5 116.5 134.25 149.75 146.25 128 108.5 100.5 109 126.75 143.75 146.5 119.75 83.5 76.75 103.5 118.5 91 54.25 32.5 19.75 14 11.25 10 10.25 11.25 15 18.25 16.75 16.25 24 48.75 81.25 96.25 99.25 104.5 116 127.25 119.5 96 79.5 88.25 117.25 142.25 147.5 136.5 128 132 135.25 127.75 122 131 137.25 120.75 99 99.5 118.5 124.5 111.75 104.75 107.5 108.5 98.75 79.5 66.75 70.75 74.5 67.75 66.25 78 101.75 120.5 114.5 
15.5 16.25 19.75 22.25 22 19 17.25 18 19 19.75 19.5 21.25 23.75 24 22.75 20 18 17.5 17.5 17.75 16.75 14.5 13 10.5 7.75 7.5 9.5 15.25 27 44.25 62.5 82.5 109.75 131.25 136.75 129.25 109.5 99.25 108.25 115.5 104.75 78.75 59.25 60.25 77.75 96 110.25 115.5 90.5 52.75 32.5 23 17 15 14.25 13.5 12.25 10.75 10.75 13.75 19.75 24.75 25 21.75 25.25 42.25 63.25 81 92.75 98.5 101 99.25 91.5 81.75 88 117.25 128 98.5 75.25 89.5 111.5 110.5 113.25 138.75 144.75 117.75 92.75 96.5 117 111.5 88 82.25 
17 15.75 14.5 15.75 20.5 24.75 25.75 25.25 23 20 17.25 15 13.25 11.5 10.25 8.75 6.75 6.5 7.25 9.75 17.5 33.75 57 80 93.5 91.5 86.25 93.5 100.75 91 82 83.25 90.5 107 117.5 108.75 88.25 74 79 97.5 98.75 68.5 35.5 20.75 16.25 13.5 11.5 11.5 16.25 24 27.25 22.5 17.25 16.5 18.75 24.75 40 69 101 119.25 112.75 93.75 81 82 98.5 111.75 105 88.75 81 82.5 90 96 91.25 78.5 69 73.5 90.25 100 100.5 117 143.75 156.75 156.25 151.75 137.75 112.25 91 84 90.5 97.25 91.75 83.75 
24.25 24.75 23.25 20.75 19.5 19 17 14.25 12.25 12 12 10.25 8 6.75 8 11.5 17.25 30.5 51.5 70 77 75.5 73.5 70.75 64 56.25 57.5 71.75 85.5 82.25 70.75 60.5 53 62 89 107.5 94 59.75 32.5 19.75 14 11.25 10.5 11.25 12.75 17 21.5 20.25 16.25 16.25 19.75 26.5 39 64.25 96.5 119 124.5 108.5 84.25 75.75 86.25 103.75 114.25 107 92 90.25 100 106.25 111.25 124.75 127.5 108 91.75 92 99.25 103.75 122.5 154.75 161 144 139 142.5 138.25 131 122.75 116.25 119.75 127.5 131 140 145.75 130 
24.25 25.75 24.75 24 22.75 20.25 17.5 14.25 10.75 9.25 9.75 9 7.5 6.5 8.5 14.5 24.75 37.75 51.75 73.5 106.5 128 117 93.75 80 73.5 73 82.25 91.5 85 66.75 58 61.5 68.75 83.25 94.25 81 54 33.75 22.25 16 12.75 12.25 14 19 22.75 19.75 15 16 19.5 22.75 29.75 47.75 76.5 100.25 113 117.25 110.5 96.75 93.5 119 148.5 147.5 133.25 135.5 147.5 151.75 147 133.75 111.25 90 88.75 108.75 126.75 129 133.5 149.25 166.25 176.25 168.25 139.75 114 109 106.5 107.5 126.75 142.25 133.5 118.5 119.25 120.75 106.75 
24.75 24.25 22.5 20.25 19 18 15.25 12.5 11.25 10.5 9 7.5 7.75 9.25 15 29.5 50.25 74 91.25 89.25 77 81 104.25 118 109.25 94 91 96.75 93.5 83 73.75 61.75 60.75 81.75 94.5 75.5 44.5 25.5 17.5 13.5 11.25 11.5 13.25 16 18.75 17.75 14.75 13.5 15 17 22.5 39 73 114.25 132.5 113.25 83 70.25 79.25 106.75 139.25 147.5 125.75 110 113.25 123.5 141.75 155.5 142 111.5 99.25 111 123.25 121.5 128 155.75 163 138.5 116.25 107.25 99.5 95 99.75 109 122.75 127.5 116.75 109.75 111.25 116.75 123.25 117.75 
24.75 25 23.5 22 21 19 15.5 11.25 9.25 9.5 10 10 9.75 10.75 13.5 20 35 55.5 66 69.25 75.5 74 66.75 72.5 81.25 73.25 70.75 73 63.75 56.75 52.75 52 64.5 85.5 81 48.75 25.5 16.25 12.75 11.75 10.25 9.75 9.25 9.25 10.5 11.5 12.5 12.25 13 17.75 27 41.5 55.75 67.25 75 79 83.25 95.75 108 102.75 104.25 138.25 175.75 180.5 160.75 148 143 145 144 129.25 121.25 112.75 100 95 104.5 126.5 149.75 158.5 150.25 145 137.75 120.75 115.25 126 141.5 152.75 152.75 136.5 118.25 112.25 103.5 90 
21.5 22.75 22.5 20.75 19 17.75 16.25 14 12 12.25 12.5 10 7.5 7.5 11.25 23 43 62.5 70.5 67 61 58.5 67.5 92.25 115.75 115.75 96.25 78.75 72.75 70.75 62.5 49.5 41.25 51.25 70.5 64.75 38.25 20.75 14.75 11.75 10.25 10 9.25 9.5 11 11.5 12.25 11.5 11 15.5 23.75 34.75 50.5 69.75 86.25 92 89 85 81.75 84.75 102.5 130.25 148.75 146.25 127.75 106.25 94 89 88.5 91.25 89 79.5 71.75 71.25 75.25 90.25 121 153.5 172 171 150.5 123.5 112 117.25 132.25 147.5 149.25 140 127.25 110.75 96 97 
25.5 25 23.75 22 20.25 18 14.25 10.75 9.5 9.25 8.5 7.75 7.75 8.5 12 21.75 36 55.5 78 89.25 88.5 90.5 93 86.25 81 83.5 81 72.5 65.25 68.75 84.25 90 85 87.5 91.5 78 51.75 31.25 20.25 15 12.5 11.25 11.25 13 16.25 16 16.75 24.5 32.75 31.25 26.75 41.5 72.5 93.75 98 101.75 108.25 100 83.25 82 83.5 83.25 97 107.5 107.5 109.75 109.75 112.25 121.25 117.75 112.75 117 107.75 86.25 80 97.25 126.25 150 159.25 158 157 160 149.25 121.5 101 96.25 97.75 108.75 117.25 114.75 113.5 112.75 
23.25 25.5 25 23.25 22.75 21 17.25 13.5 10 8.5 9 8.75 7.5 5.75 7.75 14 22.75 41.5 66.75 85.75 95.25 98.75 105.75 107.5 86.75 67.5 76 95 94.5 74.5 60.75 65.25 74.5 84.25 111 140.75 131 85.75 45.5 24.75 17 14 13.25 14 13.5 13.5 14 13.5 14.75 17.5 18.25 20.75 32.5 50 60.5 62 71 92.75 104.25 95 83 87.25 101.25 103 88.75 74.5 76.25 95.5 114.75 113.5 96.5 86.25 83.5 75.75 66.75 70.5 97.25 131.75 146.75 138.75 127.5 125 123.75 115.5 99.5 83.25 72.75 65.25 62.75 69.75 73.5 66.75 
22.25 26 26.25 24.5 22.75 20.5 17.75 14.25 10 8.5 7.25 6 6.75 9.25 12.25 13.75 17.25 24.75 40.75 69.75 95.75 101.25 91 87.5 92.75 95.75 109.25 129.75 127.75 111.25 106.5 105.25 100.75 104 112.5 109.75 87 52.75 29.25 19.5 14 12.25 11.5 11.25 12.25 12 12 18.25 23.75 21.25 20.75 24.5 37.25 58.25 69 71.75 86.5 106.25 102.5 91 97.25 111 124 126.75 118.5 121.5 136.25 143.25 144.5 143.5 141 150.25 169.5 172.25 159.5 151.5 141.75 140 155.25 158.5 148 147.5 141.75 125 120.25 118.75 110.75 104 101.25 94.75 84.25 90.25 
22.5 19.25 18.25 18 16.75 16.25 18 23 26.5 26.25 24.25 20.75 16.75 14.25 13 12.25 11.75 10.25 8 6.25 6.5 8.5 13.75 18.5 17.75 23 49.75 94 116.75 95.5 65.75 61 70.25 75.25 84.5 106.5 121.5 116.75 95.75 72.25 72.5 83.25 85.75 106.25 112.75 71.25 33.5 20.5 14.75 12.5 12 11.25 11.5 12.25 13 13.25 14.75 20.25 28.25 38 49.75 53.75 55.5 75.25 107.5 131 140.25 145.25 145.25 133 120 109.25 93.25 87.75 96.5 99.75 102.75 104 103.75 118.25 135 145.25 152 150 137 126.5 124.5 134 157.75 168.5 155.25 138.75 
16.75 18.75 21.75 24 24 22.25 20.25 19 17.25 14.5 12 10.25 9.25 7.75 7.25 9.75 13 15.5 23.5 44 65.75 75.25 81 89.5 97.5 105 114.75 132 150.25 152.75 139.75 126 122.75 120.75 105.5 90.5 95.75 103.5 79.75 44.5 27 18.75 14.5 13.5 12.75 11.75 12.25 14.25 14.25 15.75 23.25 32 31.25 27.5 40 77 112.75 122.5 128.5 140.5 132 105.25 88 100.75 129.75 139 141.5 150.5 146.75 142 146 148 151.75 155.5 165 181 182.5 165.25 140 124.5 122.5 123 134.5 156.25 161.5 149 138.5 128.75 118.5 121.25 125 119.5 
22 18.25 15.75 17.25 20.5 21.75 21.5 21.75 22.75 23.25 21.5 18.25 16.5 17 18.25 18.5 16.75 13.75 10.5 8 6.75 7.75 10.75 13 15.5 21.25 30.25 43 60.75 75.25 73.5 68.25 74.5 81 86 93.75 97.25 89.25 73.25 68.5 79 83.25 75.5 68.25 61.5 45.25 26.75 17.5 12.75 10.25 10.25 10 9 9 10 12.75 17.25 20.75 26.5 38.25 49.5 54.25 64.25 83.75 98.5 113.75 135.25 142.5 130.75 119.75 112.25 106 105.75 105 98.75 94 99 112.5 123.75 131.5 139 147.25 162 172.25 165.25 158.5 157.75 150 142.5 146 154.75 160 
23.75 25.5 24.75 23.5 22.75 20.75 17 13.25 10 8.25 7.75 6.75 6 6.75 8.75 11.5 13.75 17.75 29.25 46.25 58.5 66.75 78.25 81.25 69.25 63.25 74 88.25 91.75 84.75 77.5 73 68.5 62.5 63.25 83.5 108.75 98.25 58.25 28.75 17 13.5 11.75 10.75 10.25 11 11.25 11.75 14 15.25 20 28.75 36.75 47.25 61.5 74.5 84.25 93 103 113.5 115 108.5 103 101.5 103 99.5 94.25 97.75 111.25 119.25 117 121.25 139.75 162 169 155.5 139.5 142.75 159 162.25 149.5 142.75 144.5 142.5 137.75 130 127.75 136 142.5 140.25 130.5 126.5 
19.5 18.5 17.5 16.75 18.25 22.25 26 26.75 24.5 21 17 14 13.5 13.5 11.75 9.5 8 7 6.75 8 9.25 11.25 17.5 29.75 47.5 65.25 73.75 71.5 64.5 58.25 62.75 79 89.5 87.25 81.5 77.25 78.5 86 93.25 92.75 91.25 97 88.75 58.25 31.25 19.75 15.75 14 12.5 12 14 15.5 15.5 15.25 16.5 20 25.75 33 42 56.75 75.75 88.75 93.5 102 121.5 142 147.75 137.75 121.25 112.25 111 107.25 102 101 103.75 101.75 103.75 114.5 123.5 134.75 153 171.75 180.5 171 158.25 160.5 174.5 189.5 194.75 187 172.75 165.25 
18 18.75 18.5 17.5 15.5 13 11.75 11.75 11.5 10.75 9.75 7.5 6.25 7.5 10 11.5 12.75 17.5 29 48 64.5 76.75 91.25 109.25 122.25 115.25 97.75 89 83 79 88.75 104 108.5 95.25 75 71.75 78.25 63.25 36.25 21 15 13 12.5 11.25 11 12.25 12.75 14.5 19.5 26.5 33 33.25 30.25 39.75 65 94.75 116.75 125.25 126.25 123.25 115.25 111.25 117 120.25 120.75 132 145.5 148.5 152.5 166.5 179.25 179.5 179.75 192 198.75 190 173 152.75 149.5 171 183 174 164.25 152.75 142.75 139.25 136.25 134.5 129.75 123.75 118.75 118 
15.75 18.5 22 25.25 25 23 21.75 19.75 17.5 14.75 11 8.5 7 6.5 7 8.25 11.25 13.25 16.25 24.25 37 50 66.75 94.75 114.25 117.5 121.25 127.75 124.75 97.75 76.5 93.5 114.75 107 86.75 76.5 74.5 72.25 58.75 36.5 22.5 16.5 14 12.5 11.25 9.75 8.5 10 13.25 18 24.25 34.25 41 38.75 45 70.25 90 82 72 77 80.5 86 97 100.75 98 107.25 126.5 137.25 149.25 161.25 153.75 152.75 160.5 154.5 155.75 163.5 151.25 132.25 137.25 156.75 171.25 173 173.75 176 169.75 174.25 171 149.25 139.5 147 151.25 136.75 
22.5 19 17.75 19.25 18.5 17 18.25 20.25 23 23.75 21.75 20 17.5 15.25 15 15 13.75 10.75 7.75 6.5 7.5 9.75 12.25 13.5 18.75 33.25 48.25 57.5 70.25 84.75 91 84.25 75.25 75.25 74.5 77.75 86.5 89.75 94.25 101 103.25 102.75 107.5 101.25 67.5 35 21 14.75 11.5 10.25 9.5 9.5 9.25 9.5 11 15.25 23.25 31 34.25 34 47 80 107 107.75 99.75 109.5 126.25 122.75 106.75 101.25 106.75 115.25 120.25 125.5 137.5 135.25 128 139.5 152.75 156 149.5 139 131.75 123.75 118.75 127.25 139.25 148.5 169.75 192.25 181.25 149.75 
18.75 18.75 18.75 20 22.5 24 23.5 21.5 18.75 16.75 16 16.75 16.25 14.25 12 8.75 6.75 8 11.75 16.25 18 19.25 29.25 56.5 87.25 99 98.5 95.5 92.75 81.5 63.5 65 90.25 110.5 103.5 86.75 81.5 84.25 86 86.75 97.25 94.5 57.25 27.5 19.5 16 14 11.25 9.75 10.25 11.5 11.5 12.5 18.5 26.25 32.25 38.5 48.5 63.25 75.5 86.75 104.75 115.5 117.25 116.25 111.75 108.25 114 126.75 139 149.25 147.5 123.75 97.5 96.25 110 125.75 143.75 156.75 165.75 167.5 159 145 129.75 134.25 160.5 178.75 177 164.5 147.25 134.5 133 
25.5 25.5 24.5 23.5 21.25 18.5 15.5 11.5 8.5 6.75 5.75 6 7 9.75 12.25 12.75 16.5 26.5 43.75 65 74.75 81.5 90.75 87.75 79.25 73.5 74 83.25 90.25 88.25 89.5 90.25 82.5 82.25 102.25 123 109.25 67.5 34.5 20.5 15.75 13.75 14 15.5 14.75 13.25 14 16.5 22.5 31.75 38 41.5 47.5 62.5 82.75 90 82 72.5 68.25 70 71 66.5 68.5 80.25 96.75 118.75 136.25 142.75 146.5 146.25 141.25 142.5 151.5 151.75 135.75 122.25 126 140 152.5 163.5 177.75 189.75 188 172 158.5 151.5 136.75 120.5 118.75 127.75 136.75 140.75 
18.75 18.75 18.25 17.75 20 24.5 27 26 23.25 20.25 17 14.75 14 13.75 13 11.25 8.75 6.5 6.5 9.25 12 14.25 16.75 22.75 37.75 64.5 96.75 116.25 109.75 87.5 66.25 62 77.5 85 77 66.75 59.5 64 76 92.5 107.25 100 70 40.5 23.75 15.75 12.75 11.25 10.5 9.75 9.5 10 10.75 12.5 15.5 24 38.75 44.5 43.5 53.5 80.25 117.5 145.75 154.5 154.25 148.5 140 141.5 153.25 161.5 158.75 156 151.75 141 155.25 185.25 187.75 188.25 192.75 176.25 172.25 189.25 190.25 174.5 163 155.5 158.5 190.25 213.75 197 175.25 170.5 
18.5 19.75 22.75 25 24.5 22 19.25 17.75 17.25 16.75 15.75 13.5 11.25 9.5 7.5 6.75 7.75 9 11 14 21.25 30.25 36.75 55.5 93.75 120.25 111.25 90 91.75 104.25 100.25 88.25 83.25 85 86.5 87.25 91.5 96.5 94 79 55.5 35.75 23 16 13.25 12 11 10.5 10.75 11 11.5 13.25 17.5 25.75 32.75 37 40.25 44.25 62.5 90.75 107 114.5 116 104 95.75 103.5 111.5 110.25 113 123.5 133.5 137.75 130.25 122.25 127.5 146.25 158.5 148.75 145.25 164.75 176.25 160.25 139 144.75 178.25 194.5 178 159.25 153.75 154.5 153 147.5 
19.25 22.5 24 23.5 21.5 19.5 18.75 17.5 14.75 11.5 9.5 8.25 7.5 8.75 10.75 12 13 16 23.25 31.75 42.5 63.5 85.75 100.5 110.5 109 97 84.75 77 77.5 89.5 96.75 89.75 86 98 125 138.75 110.25 61.25 31.25 20.25 15.25 13.25 13.25 16 16.25 14.25 14 16.25 21.5 28 31.5 31.25 45.75 87.75 135 154.75 154.75 161.25 160.75 137.5 117.5 131 152.75 144.75 124.25 119.25 129.25 149.75 164.5 160.5 154.5 164.5 186.25 200.25 192 174 163.5 162.75 168.25 164 153 161.75 185 201 202.25 185.75 155.75 127.75 112.5 111.75 128 
