21.5 18.25 16.75 19.25 21.5 20.75 20.75 22.5 22.75 20 16.75 14.5 14.5 14.75 12.75 10.5 9.75 9.25 7.5 6 5.25 7.25 10.75 13 17.25 28 47.75 71 89.75 103 110 101.75 90.75 101.5 119.5 124.5 112 95 102.5 133.5 147.5 140 128.75 114.25 90.5 55 29.25 19 14.5 11.75 11 11 9.5 9 9.75 10 10.5 16.25 31.5 47.75 50.25 44.5 56 90 122.25 132.75 119.5 112.5 127.5 144.25 147.25 125.25 90.25 66 58 60.75 67 77.25 89.75 108.25 130.5 135.5 123 102 96.75 112 118.75 122.75 134 149 165.25 171.5 
20.75 20 21.5 23.5 24.5 24.75 24 22.25 22.25 23.25 23.75 24.75 25 24.25 22.25 18.25 15.5 15.25 14.5 12.25 10.5 9.75 8.5 7 7 8.75 11.75 15.75 25 45.5 74.75 99.75 107.5 100 97 110.25 131.5 151.75 165.75 163.5 141.75 113 95.5 97.75 106.75 121.75 148 146 98.5 51.25 27.5 18.25 14.5 11.75 11 10.75 9.75 9.5 12.75 19 26 30 30.25 30.25 29.75 33 46.75 61.5 68.25 73.25 79.5 92.25 112.75 136.5 152.75 158.5 159 144 126.5 129 139 128.25 106.75 100.5 95.5 85 84.75 92.25 103.25 123 140.25 133.5 
19.25 17.75 16.75 16 17.5 21 23 22.5 21 21.25 21.75 20.75 18 14.75 12.75 11.75 10.5 8.5 7 7.5 9.25 11.75 18.25 34.25 54.75 66.5 79.75 109.25 132.75 131.25 116.75 104 101.5 107.75 112 109.25 101 90.25 81.5 80.5 91.5 106 101 69.75 38.25 22.25 15.75 13 11 10 10 10 9.5 9.75 11 15.5 21.25 24.75 30 43.25 70.75 107.75 132 133.25 125 117.5 114.25 121.25 131.5 124 98.75 88 97.25 103.75 101.25 107.5 129.25 137.5 124.75 112 112 115.75 126 141.25 142.5 135.25 126.5 115 107.75 113 122.5 121 
29.5 29.75 28.25 25.25 21.75 19.25 19.75 22.25 21.75 19.25 20 22.5 24.25 25.25 23 18.75 18.75 21.5 21.75 21 18.75 14.5 10.5 7.75 7 7.75 10.75 15.75 19.75 26.25 45.25 70.75 86.25 83 69.25 66.75 78.5 101.75 123.25 123.25 105.75 88.5 77.5 72.5 68 63 65 61 44.25 28.25 20.25 15.5 12.75 12.25 12.5 12.5 12.5 12.75 13 13.25 16.75 26 32.75 29.25 21.75 23.75 41.25 62.25 74 79.25 83.75 86.5 91 95 99.75 112.5 121.25 111.75 95.25 87 86.25 87.5 89 100.5 108.75 98.25 80.75 78.5 95 106.75 111 104 
18.75 18.25 16.5 15.25 15.75 16.25 16.5 18.25 21.25 23.5 23.75 23 22.25 21.75 20.25 17.25 14.5 12.5 10.75 9 7 6.75 7.5 8.75 13 26.75 51.25 69 66.5 62.25 71.5 77 74 82.5 99 104.25 102.25 99.75 91.75 84 88 91.5 90.25 104.5 124.75 108 62.25 30.75 18.25 13.75 12.5 12.5 13.75 14 13 12.5 12 12.5 15.5 25 39.75 47 48 61.25 88 111.75 122.25 122 123.25 121.5 108.25 97.5 93.25 83.5 69.5 63 69 85.75 96 96.75 103 109.5 109 102.25 96.25 98.25 99.75 99.75 108.5 119.5 117 102.75 
21.25 23.5 25.5 25.75 25 23.75 23 23.5 24.5 25.25 25.25 24 21.75 18.75 16.25 16 15.5 12.5 10.25 10.5 10 7.5 6.25 7.25 11 15.75 18.75 27.75 55.75 94.5 117.25 117.5 108.5 104 110.75 127 137.25 126 108.75 97.5 85.75 84.75 97 101 91.75 86.5 92.5 80.5 48.25 26.75 17.5 13.25 12 11.75 11.25 9.5 9 14.75 23.25 27 26.5 24.5 22.75 24.25 33.5 53 78.25 103.25 121.75 129.75 125.25 113 109 116.75 119.25 109.75 105.75 117.25 125.75 119.5 115.75 128 146 143.75 125.5 113.5 108.25 120.75 139.5 128.25 101.25 91.5 
22.5 20.25 20.5 22.75 24.5 25 24.25 22.75 22.25 23.25 24.5 25.25 25.25 24.25 22 18 14.25 13 12.75 11.5 10 9.75 9.25 7.5 6.75 8 10.25 12.75 18.75 34.75 59.75 84 105 117 115.5 118.5 126.5 124 116.25 113.75 121.25 127.25 117.75 109 111.75 114.25 115 114.25 98.75 65.25 34.5 20.25 15 12.75 12.25 12.25 12.5 12 13.5 18.75 23.5 23 21.75 23.25 26.75 36.75 52.5 68.25 77.5 84.5 99.75 116.75 126.5 133.25 137.75 136.75 137.5 138.5 134.75 124.25 109.5 104.25 105.75 103.5 97 87.5 90 105 110.5 110 113.5 103.75 
19.5 21.25 24.25 25.5 24.5 23 22.75 22.75 21.5 20.5 21.75 24.25 25.5 25.25 24 21.75 20.25 19.75 18.25 15.75 13.75 11.25 9 7.75 8 10.75 14 19.75 29.5 40.25 51.75 66.5 79.5 86.25 94.25 103 107.5 109.5 105.75 97.5 89.75 100 127.25 134 127.5 148.5 172.5 145 86 43.25 24 16.75 13.75 13.25 13 11.75 10 9 11.25 16.25 23 28.75 29.75 29.75 33 41.25 58.25 77 82 80 93.25 117.25 131 140.25 144.75 126.25 104.5 105.25 110.5 99.5 87.25 86 90 93.5 90.75 83.5 76.25 82.25 104.75 124.25 118 98.75 
18.5 18 21 24.5 26 26.25 25.75 24.5 23.5 22.25 22 23.75 25.5 25.5 24 22.25 20.75 19 17 15.25 13.5 12 11.25 10.25 8 5.75 5.5 7.25 9.5 15 27.75 52.25 85.25 111 125.5 134.5 134.25 121.5 103.25 92.5 95.5 99 90 77 80.5 106.75 137 153.5 150.75 122.5 77.25 41 22.75 15.75 13.75 13.5 13.25 11.5 10.25 10.5 11.25 14.25 22 31.75 37.75 37.75 38.25 45.75 54.25 61.25 73.75 86 92 97.25 108.75 130.75 156.25 167.25 148.75 114.75 94 94.25 108 119.25 123.5 126.5 122.75 108.25 92.75 90.5 104.75 125.25 
19 21.5 21.5 20.25 18 16.25 15.5 14.5 13.75 13.75 13 10.25 7.5 6.5 7.75 9.25 10.75 15.25 26.5 45.5 66.25 87.5 107.5 119 122.5 123.75 125.75 126 118.5 113.5 116.5 115.75 111.5 111 111.5 108.25 102 87.75 61.75 36 22 15.5 12.25 11 9.75 8.75 8.5 9.25 10.75 12.25 15.5 20.75 24.5 30 49.5 79.75 96 98 110.25 127.75 125.75 103.75 84.5 78.5 79.25 86.5 95.25 96.75 93.25 96.5 115.75 134.75 129 107 93.75 92.5 101.5 109 106.75 110.25 116.75 110 98.5 95.5 108.75 132 139.5 132 127.5 128 128.75 123 
20.25 17.25 18 21 24.5 26.5 25.5 24 23.5 22.75 21.5 22 24.25 26 26.25 25 23 21.25 19.25 16.75 14.75 13.5 12.5 11 8.5 7.5 9.75 12.75 16.5 20.5 29.75 51.25 80.75 101.75 103.25 100.75 104.5 110.5 117.25 122.25 128.5 142 150 136 117.75 119 130.25 141.75 150.75 133.25 85.5 44.5 26.25 18.75 14.75 13 12.75 11.75 10.75 11 15.75 26 32.75 31 27 26.5 32 41.5 51.5 63 79.25 101.25 119 123 123 126.75 131.75 138.5 152.75 162.75 144 108.25 89 91.75 114.5 140.25 143.25 136 128 112.25 101 110.75 
25 24.5 23 21.75 20.25 19.25 20.75 23 23.5 23 23.25 22.75 19.5 15.75 14 13.75 13.25 11.25 9.25 8.75 8.5 7.75 6.75 7.25 10.5 15.75 22.25 38 60 74.25 88.75 112.5 126.75 117 103.5 98.75 98.25 100.75 99.5 92.25 95.75 119.75 140 132.75 112.25 100.75 87.25 61.25 36.75 22.25 15 12.5 11.75 10.5 9.5 9 10 12.75 17.5 23.5 30.25 36.75 38.75 39.75 50.25 68.25 79 85.5 99.25 114.5 127.5 133.5 125 106.5 92.25 92.75 97.25 92.25 84 83.25 101.75 127.25 134.75 129.5 121.5 119.5 124.75 132.5 144.75 141.25 115 93.75 
20 18.75 19.75 23.25 25.25 25 24.5 23.5 23 22.25 21 21.5 24.25 25.75 25.25 24.25 22.5 21 19.75 17.75 15.5 13.5 11.5 9.5 7.5 7 11 18.25 25.75 33.75 48 75.75 104.75 108.25 90.75 82.75 88.5 97.75 108 117.25 127.5 138 136.25 117 95.25 90.5 111 135.75 136.5 110.5 69.5 36.25 21 14.75 12 11 10.75 10 9.75 11 14 19.5 22.5 23.25 26.75 36.25 55 68.75 71.5 82 103.25 115.75 120.5 126.5 129 138.25 151 141.25 123.75 122 129.25 137.25 139.75 142.25 150 153 153 155.75 157.5 159.25 163 158.25 
14.75 14.5 16 19.75 22.75 22.75 22.25 22.25 21 19.5 17.5 13.5 10.75 8.25 6 6.5 7.5 9.25 12.5 19 29 45 73.5 102.25 116.75 124.75 112 91.75 98 115.5 143.5 158 124.75 94.75 110.25 136.25 141.75 137.75 135 114.5 66.5 31.5 23 20.5 18.75 16.5 16.25 15.5 12.75 10.25 11.25 14.75 20.25 29.5 41.75 51.5 53.75 64.25 93.25 113.5 111 107.75 118 130 122.25 97 74.75 61.5 54.75 59 71.75 82 87.25 98.5 113.25 121.75 131.5 134 123.5 122 126.75 126.5 131.75 138.25 134.75 117.75 100.75 98.5 105 113 111.25 106.5 
13.25 15.75 20 21.5 19.5 15.75 13.25 13.5 13.5 13 12.75 10.75 7.5 6 6 7.5 10.75 15 23.75 36.25 43.75 52.5 77.5 110 125 124 120.75 116.5 115.5 112.25 100.25 97.25 109 123.75 122 106.5 111 121.25 95.5 50.25 24.75 16.75 13.5 13 13.25 11.75 10.5 10.75 11.25 11.5 12.5 16.5 25 37 46.75 51.5 60.5 78.5 98.75 117.5 118.25 97.25 84.25 85.75 82.75 68.25 64.25 80.25 98 103.75 93 83.25 90.25 102.5 100 85 72.25 70.5 77.75 84.25 95.5 98 93.25 107.5 123.75 125.75 137.5 148.75 143.25 143.25 144.25 138 
25.75 25.5 25 25.5 26.25 27.25 27.25 24.5 22 22 22.25 22.25 20 19.25 21.75 23.5 25 23.75 20.25 18.75 20 21 19 15 11.5 8.25 6.75 9.25 13 16.25 26 46.25 67.25 85.75 105 115.75 110.5 105 111 122.25 130 131 125.5 111.5 96.75 92.75 104.5 128 144.75 136 101.75 59.5 31.25 19.75 14.75 13 12.75 12 11.5 10.75 11.75 19 28.25 30 28.25 29.75 31.75 38.75 53.25 65.75 71.75 79.75 93 107.5 120.5 133.25 147.25 145.25 126.5 113.75 103 90 84.25 83 90.25 104.5 112 110.5 103.25 99.75 108.25 117.5 
29.5 28.25 26.5 23.25 21 21 21 20.5 19.25 17.75 16.5 16 16 17.5 19.25 18.75 17.75 17.5 16.25 13.5 10 9 10.5 14.75 30.25 69.5 121.5 146.25 130.75 105.5 95.5 97.5 99.25 103.5 120.25 142 152 138.75 117.5 120.75 135 128.5 110.25 101.25 92.5 70.25 46.75 30 20.25 14.5 11.5 11.5 12 13 14.5 14.75 17.25 24.25 30.5 38.75 49.5 57.75 61.75 64 62 54.75 56.75 66.75 80.75 94.75 97.25 100.75 113.5 132 153 155 127.75 103 103.5 110.5 110 109 108.75 104.75 98.5 94.25 95.25 99.75 102 94 88.5 102.5 
22 23.25 22.25 20.5 20.25 20.5 18.5 15.25 12.25 10 8.5 8 8.25 12.75 28.25 57 73.75 70.5 76.75 82.5 82 106.25 136 135.25 125.5 127.75 131.25 123 103 93.5 107.75 118.5 116.25 126.25 126.5 92.25 53.25 30.25 18.75 15.25 14.25 12.75 12.75 11.25 10.25 12.5 18 25.75 37 74.5 135.75 167.5 159.75 149.25 142.75 123.25 99 84.25 74 70.75 82.75 99 109 107.75 99 113.5 143.75 158.75 162.25 164.25 164.5 174.5 183 167 141.75 123.5 110 107.5 132.75 163.75 167.25 165.25 183 204.5 205.5 190.25 161.25 119 94.5 105.25 137.5 159.25 
13.75 14.75 14.25 11.75 9.5 9.25 10 10.25 9 7.5 7.75 9 12.75 23.25 41.5 68.5 92.75 105 117 126.5 125.75 125.5 126.75 129 137.25 144.5 147.25 146 132.5 111.5 104.25 111.5 114 98.5 66.25 38.5 24.75 17.5 15.5 15.25 15 15.5 17.75 24.5 30.25 28.25 28.75 46 72.25 83 74.25 65 68.75 86.5 107.75 116.75 110.5 97.75 91 95.75 99.5 89.25 77 78.25 88.5 90.25 80.75 83.25 99.75 103.75 91.5 79 77.5 99.5 142.75 181.75 190 171.5 151.75 144.25 140.75 134.75 130.75 125.75 118.75 114.5 106 96.5 96.25 92.5 85.75 91.25 
15.75 14.25 15.75 19 20.5 19.75 18.5 18 18 16.75 14 11.5 9.75 7.5 7.5 8.75 12 19.75 28.5 43.25 66.75 91.75 111.25 122.5 127.75 133.25 140 138.5 130 128.25 129.25 118.25 97.75 80.25 71.75 73.75 87.25 98.25 87.25 57.75 32 20.25 14.5 12.5 14.25 14.5 13.5 14.75 19 23 26 35.5 55.75 75.75 88 89.25 78 69.5 72.5 77.75 80.25 82 83 79.75 73 74.5 91.25 116.25 125.25 104 73.5 61 67.25 78.75 91.75 106.75 110.75 105.75 111.75 128.75 140.75 140.5 133 122 115 106.25 99.25 108.75 119 117.75 120 132 
15.75 18 20.5 19.75 20 22.5 22.75 19.25 15.25 14.75 15.5 14 12 9.75 8 7.25 7 8.25 11.25 21.25 41.5 66.25 88.5 101.5 110.75 122.5 126.75 124.5 120.25 118.5 131 141 137.75 140 136.5 118.5 104.25 102.5 117.25 115 76.75 40.25 24.5 19 14.5 11.25 10 11 12 11 12 17.5 34.75 67.75 91.75 106 125.5 133 128.25 120.75 98.25 87.5 108.25 120.25 118.75 115.25 110 116.75 130 140.5 153.25 168.25 172 167.25 154 131.25 126.25 139.5 129.5 108.75 112 122 132.5 141.25 142 148 148.75 141 149 160 153.75 137.75 
15.5 19.25 22.5 23 21.5 21 21.25 20 17.25 13.75 10.5 8 6.75 7.5 9.25 14.5 25 45 76.25 97.25 92 81.75 92 115.75 129.5 130.25 125 110.75 93.5 86.5 85.25 81.5 93.75 129.5 155.25 140.25 99 59.5 34 22 16.75 14 13 14.25 14.5 11.75 10.75 12.75 14.5 20 35.25 60.5 89 112 124.75 122.75 103.25 78.5 65.25 61 59.75 73.5 95.5 96.75 78.5 62.75 64.5 92 124.25 135.75 137 133 125.75 126.25 126.25 114 94.25 80 76.5 83 102.75 128.25 134 122 123.75 141.75 153.75 152.25 134.75 104.75 89.25 97.75 
13 15.25 19 21 20.25 20 20.5 20 18.25 15.5 12 9 8 10.25 15 23.25 41.5 72.25 106.5 127.5 128 120.5 121 130.75 146.25 157.75 152.75 143.25 145.25 143 123 109 111 120.75 140 146.75 121.5 79.75 46 28.25 18.25 14.25 13.5 11.75 11.75 12.75 15.25 20 29 57.25 100.75 126.5 125.25 115.25 101 86.75 83.75 82.75 78.25 84.25 102 112.25 106.25 91.25 85.5 102.25 121.25 119 109 109.75 115.25 122.75 133.25 140 135 128.75 135.25 145.5 152 148.75 132.25 124.5 134 143.5 149.25 147.75 126.25 94.75 78.75 88.75 108 104.25 
25.25 25.25 24.5 25 25.5 26.5 27 24.5 21 20 21.5 22.25 20.25 18.5 19.75 22.25 24.25 24.25 22.25 20 19.5 20.25 19 14.25 10.5 9.5 10.25 17.5 40.5 77 110.75 140.5 163.75 171.75 179.5 191 190.25 179 161.25 140.25 122.75 111.75 111 115.25 111.5 104.75 123.25 156 159.25 130.25 87.5 48 26 17.75 13.25 10.75 10.5 10.5 11.5 14 19 24 31 45.75 59.25 67 78.5 89.5 99.75 120 133.5 132.25 123.75 115.5 119.5 127.5 123.75 111.5 108.5 113 108.25 91.5 74 68.75 73.5 81.5 90.75 100.5 114.75 129.75 133.5 123.25 
23.5 22.75 21.25 21.5 23.5 24 24 24.5 23.25 19.75 16.25 14 13 12.5 11.25 10 8.5 7.25 8.25 11.25 18.5 36.25 69.25 113.25 145.5 145.25 127.75 119.25 123.5 128.5 127 118.5 115.5 131.25 140 120.75 94 94 120.5 133.75 114.75 78.25 48.75 31.25 21 16 12.5 12.25 14.25 15.25 14.75 14.25 18.25 30 51.25 86.75 118.75 125 108 93 91 91.75 93.5 93 85 78.25 84 90.25 99 122.25 146.25 160.5 152.75 144.25 155 153 129.25 102.5 91.5 90.25 98.75 126 135.75 125 123 127.75 128.5 128 129.25 124.5 115.75 115.25 
15 18 21.75 22.5 21 20 19.75 19 17.25 14.75 12.25 10.25 8.25 6.5 7.25 11.25 19.75 38.5 64.25 81.5 89.25 101.25 121 136.75 143.5 138.75 121.75 113.25 121.75 129.75 131 128.25 118 107 110.25 123.75 131.75 124.25 93 53 29.5 20.25 15.5 13.5 13 12.75 13.5 12.5 11.5 16 26.75 46 73 102.25 120.5 121.25 109.5 90.5 86.75 109.5 127.5 117.25 102.75 101.25 106.25 116.5 122.75 125.25 133 139.25 139.5 136.5 144.25 163.5 174.25 166.25 137.25 110.25 107.75 120 139 148.5 137.75 117.25 98.5 99.25 115.5 134.25 153.25 165.5 163.25 152 
19.5 19.75 21.75 23 20.5 16.75 15.25 15.5 15 12.5 10.25 9 8 7 7.75 10.5 16.25 30.75 54.75 77.5 90.25 95.25 102.5 114.75 127.25 134 124.5 106.5 104.25 114.5 111.25 93.25 81.75 84.75 97.75 116.5 118.75 90.25 55.25 34.75 24 17.5 14 12 12.25 14.5 16.5 17 18.5 27.25 46.75 67.5 83.75 99.5 118.25 138.25 141 124 122.75 147.75 165.5 149.5 121.25 112.75 126 154 169.25 150 123.5 109 99.25 98.5 107.5 122.5 142.25 146.25 129.5 121 130.75 145.75 152.5 140.25 119 107.75 106.75 117.75 131 141.75 163.75 180.25 169.25 146.5 
16.5 19.5 21.75 21 19.75 19.75 20 18.5 15.5 12.75 10.5 8 6.75 8.25 10.5 18.5 33.75 47 59.5 75.5 95 113 125.75 136.25 140.75 135.25 124.5 112.25 104 109 115.5 106.25 88.25 84.25 95 93 77 59.5 40.5 25.75 17.75 13.5 11.75 11.5 12.25 14.25 14 15.75 24.25 36.75 59.75 101 140 152.75 149.75 133.5 106.5 105.25 131.75 141.5 127.25 116.25 115.25 119.75 131.25 137.5 138.5 150.25 160.5 164 177.5 199.5 216 213.25 178.25 126.5 97.5 103 127 147.5 152.5 144.75 129.5 123 128.75 136.75 144.5 150.5 152 142.25 123.5 111.25 
16.75 18.75 21.5 21.25 18.75 17 16.75 16.5 15 12.75 10.5 8.25 6.75 8.75 12.25 16.75 27 47.75 75.75 92.25 93.75 97.25 113.75 128.75 128.5 125 133.5 141.25 129.5 106.25 91.25 88.25 85 95.75 120.75 113 70.75 37.25 24 18.5 15 13.75 12.25 11 9.75 10.5 11.75 13.5 17.75 29 63.75 113.25 144.5 147 138.25 124.75 108.25 113.25 131.25 124.5 104.5 107.75 118.5 104.5 84 83.75 102.75 135.75 174.25 197.5 194.25 170.5 157.5 169.75 164.5 129 99.5 94.25 103.75 115.25 125.75 127.25 120 127.25 152.25 169.75 171.75 156.5 128.75 106.25 106.75 131.5 
15.5 17.5 20.75 23.25 22.75 21 20.75 20.5 18.25 15 12 9.25 7.75 7.25 8 12 21.5 35.25 51 70.5 88.25 102.75 114 112.75 105.5 102.5 102 107.75 108.25 91.5 81.25 92.5 103.75 104.5 113 118.5 109.25 94.25 68.25 39 22.25 16.25 13.75 12.5 12 11 10.75 13 16.25 20.75 35 65 102.25 122.75 116 100 85.25 76 75 77.25 76.75 78.5 88.75 98 94.75 77.75 64.25 71.25 91.75 108 119.75 140.5 167.5 185 179 147 111 95 96.25 104.75 118 125 116.25 106.75 118.5 146 164.75 163 146 125.25 111 113.25 
17.75 20.25 21.5 21 18.75 17 16.75 15.5 13.75 12.25 10.5 8.5 8 10.25 13.75 29 67.25 117 153.75 161.75 148.75 141.5 143.75 139.25 132.75 133.25 138.25 133.5 120.75 123.25 130.25 115.75 92.5 92 115.5 120.75 88.75 50.5 29.5 20.75 16.25 14.25 16.25 22.5 24.75 20 18 27 45.25 57.5 56 61.25 85.75 110.75 116.5 107.25 97 97.75 107.25 101.5 80.75 71.5 73.5 80 98.25 126.25 143.75 134.75 115.25 113.5 130 137.5 133.25 138.25 140 122.75 122.5 156.5 183 179.5 154 119.75 97.25 94.75 115.25 133 124.75 121.75 141 150.75 135.25 117.25 
19.5 19 20 21.75 20.75 17.5 15.75 16 15.75 14 12 10.25 8.75 7.75 9 13 25.75 51.75 79.75 99.75 109.75 115.5 122 128.75 135.75 141 142.25 136.5 122 105 92.75 91 100.75 113 128.5 139.75 124.75 89 55.5 33.5 22.5 17.75 16.25 15.25 16.75 21.25 20.25 14.75 15.5 27.75 46.25 61 69.75 81 92.25 96.75 99.75 99.25 90 83 80.75 75.75 77 87.25 94 99.5 111.75 123.5 128.75 125.5 115.75 106.75 102 109.5 125 126 110.25 110.25 132.75 146.25 142.75 128 104.75 81.75 75 88 99 98.25 103.5 113.25 112.75 98 
22 21.5 22 22.25 20.5 17 13.75 12.75 13 12.5 11 9.25 8.25 8.5 10.5 14.5 20 27.25 37 46.5 52 59.5 77.25 95.5 102.25 102 99 93 83.5 76.5 82.5 98 103.75 95 88 87.25 89 89 71.75 44.25 26.75 19 14.75 11.5 10 10.75 14 16.75 16.75 15.25 17.75 26.25 35.75 47 64.75 88.5 109.5 116.75 112.25 106.75 102.25 96 86.25 77.5 75.5 81.5 101.75 130.25 140.75 124.75 106.75 102 101.25 101.25 100.25 89.25 74 80.75 119.5 146.75 131.75 109.5 105.5 109.75 122.25 136.25 133.5 123 123 119.5 107.75 110.75 
22.5 24.5 24.5 23.75 23 22.25 22 22 22.75 23.75 24 23.25 21 19.25 18 16 13.75 11.75 10.25 8.25 7 8.25 9.25 11 15.25 19.25 28.5 46.75 65.75 78.25 93.25 111 116.25 117 119 106 85.25 75.75 83 93.25 86.5 71.25 63.25 67 83 83.25 55.75 29.75 18 14 12 12.25 13.75 12.5 10.75 10 11 13.5 17 32.75 71.25 102.75 95 80 88.5 116.5 145.75 155.75 144.25 126.75 118 116.5 113.75 108 102.75 98 101.25 112 112 96 84.5 92.5 103.75 103.25 100 109.5 125.25 134 140 143.75 144.75 151.25 
15 15 15 18 22 22.25 20.5 19.75 20 20 17.25 13.5 11 8.25 7 7.25 8.25 13.5 20.75 26.5 37.75 59.5 92.25 122.75 134.25 142 144.25 125.75 105.25 92.75 91 106.25 115.5 114 110.5 105 96.25 92.25 99.75 81.5 44.25 25.5 18.5 14 12 12.25 13.25 13 14 19.75 26.25 27.5 28.25 36.5 44.75 45 55.75 73.5 77.5 75 80.5 100 126.75 145 138.75 114.75 109 115.5 101.5 78.5 71 83 99.75 107.5 109.75 116.5 111 97.5 96.75 116 157 186.25 183.75 161 130 114 122.75 122 106.5 111 117 106.5 
28.75 28.75 27.75 23.75 20.25 19.25 19.75 20.75 19.75 17.5 17.25 18.25 20.75 23 20.5 16.5 17 20.25 19.75 17 12.5 7.75 7.25 8 8.5 13 21.75 31.75 45.25 64.75 83 91.75 97.25 103 99.5 84.75 72 68 69 65.5 61.25 75 101.5 124.75 139.75 129.25 84.75 42 23.75 17 12.75 11 10.5 10 9.75 9.75 11.25 12.75 14 16.75 26 41.75 48.25 44.5 43.75 52.5 71.5 95.5 119.75 134 129.5 109.5 86.5 71.75 80 118.5 148 145.25 136.5 135.25 124.25 102.5 85.5 84.25 109 143.5 170.5 175.75 150.5 124.25 127.5 146.25 
23.25 23.5 24 23 19.75 15.75 13.25 12.75 13 11.5 9.5 9.25 9.5 8 7 7.75 9.25 11.75 14.75 21.25 28 30.5 38.25 59.5 84.75 92.75 84.5 87.5 110 118.5 100.5 83 74.25 68.75 72 80.75 87.25 89.75 81.25 59.25 35.75 20.75 14.5 12.75 10.75 9.5 8.5 8 8 9 11.75 15 17.75 21.5 30 48 72 90 102.75 119.25 135.25 142 132.5 111.25 104.5 117 121.75 112 105.75 106.75 104 98.75 98.5 90.75 83.25 97.75 115.5 109.5 91.75 95.25 109 109.25 109.5 111.25 100.5 88.5 91 100.75 109 119.5 130.75 141 
25.5 24.25 23.5 23.75 22.5 20.5 20.5 22.25 24.75 26.25 25.75 23.75 21 19.5 18.5 16 13.5 10.25 7.25 7.5 9 10.5 15 21.5 29.25 45.5 72.25 99 125 141.5 127 95.25 82 87.25 90.75 93.75 92.25 79.25 68 71 81.75 98.75 111.25 90.75 52.75 29.75 20.25 15.25 12 10 9 9 10.75 13.5 15.5 15.25 16 24 43.75 69.5 78.25 71.75 72 83.25 105.25 134.25 151.5 144 123.75 106 90.25 74.75 81.25 111 134.25 134 124 112.5 97 89 90.75 106.5 135.25 146.75 127.5 116.5 129 139 146.75 147.25 128.5 119 
15 17.75 21.5 23 22.5 21.25 21.25 22 20.25 16.5 13 10.25 8.25 6.75 7.75 12 16.25 20 25.5 31.25 35.75 41.75 55.5 74.75 91.25 109.25 123.75 120.5 111.5 110.75 109.25 110.25 117 123.25 147.75 192.75 222 211 151 78.25 38.75 23.75 16.75 13.75 12.25 12 12.75 14 17 21.5 25.25 26.25 28.75 35.5 56.5 97.75 130.5 129 111 103 107.75 117.25 137.25 156.75 149.25 127.25 104.25 86.75 89.25 110.25 131.5 135.25 123.5 120 134 150.5 153.5 136.75 124.25 136.5 150.5 152 156.5 162.75 165.5 168.5 167.75 162.5 153.75 138.5 120 116 
16.25 16.25 15.75 18.5 22.5 23 20.5 18.5 18.75 18.75 16 13 10.75 8.25 7 7.5 9 11 14.25 22 39.5 69 97.5 124.5 147.25 146.5 125 112 126.75 139.25 137.75 129.75 113.25 104 102.75 93.75 78.75 77.5 92.25 78.25 40.75 24 19 14.5 13.5 14.25 12.75 12.5 17.5 22.5 22 20.5 20 22.75 29.75 35.25 57.5 107.75 137.5 129.5 135.75 158.5 165.75 164.5 138.75 90.5 68.5 78.75 101.5 119.5 112.75 91.25 89.5 108.75 140.5 181.25 182 135 104 110 131.25 157.25 172.75 162.5 140 122.5 131.75 140 114.25 94.25 96.5 107 
23.25 24.75 25 24 22.25 21 21.75 22 20.25 19.5 21.5 23.5 24.75 23.25 20 19.5 20.5 20.25 16.75 11.5 7.75 7.25 7.75 9.5 15.5 26 41.5 57.5 65.5 72.25 82.25 88.5 91.75 94.25 98.25 104 100 92.25 98.5 107 99.75 80.75 66.25 77.5 113.75 121.5 79.75 39.25 23.5 15.5 11.75 11.25 10.5 10.5 9.25 9 12.5 14.75 15.5 20 31.75 46.25 60.75 73 84.75 106.5 118.25 111.25 104.5 94 81.25 73.5 65.25 70.25 104 145.75 164.25 158.75 146.25 129.5 103.5 85.75 97.5 123.5 133.25 126.5 111.5 96 91 96 102.5 105 
22.75 20.75 21.5 23.25 21.75 19 19.5 22.25 25 25.5 23.5 20.25 19.25 20.75 20.75 17.5 12.5 9 8.25 9.5 12 14.5 18.5 24.25 35.75 54.75 71.75 86.25 114.25 144.25 138.75 109.5 103.75 116.75 115.5 104 104.75 113 106 82.75 62.75 63 67.75 52.25 30.5 19.75 14.25 12 11.5 10 9 9.25 10 13.5 17.75 18.5 18.25 25 41.25 56.25 70.75 90.25 104.5 111.5 108 103.25 104.75 107 104.75 94 91.75 104.5 123 131 121.5 122 134 125 104.75 97.5 105 123 130.25 124.25 114.75 109.5 114.5 119.5 118.25 127 154.25 171 
20 21 22.25 21.25 17.75 14.75 14 14.5 13.75 11.25 9.75 9.5 7.75 8.75 13.5 17.25 17.5 17.75 28.5 55 86.25 97.75 95 104.75 130.25 146.75 138.25 124.25 123.75 132.5 122.5 93.5 74.75 70 79.5 109.25 146.25 147 98 49.5 27.5 17.25 13.75 12 9.75 9.25 12 16 15.75 14.75 17 22.75 32.5 47.5 62.75 75.25 86.75 97.25 115.25 140.5 146 120.25 94.25 90.25 96.75 98 96.75 109 126.5 128.75 124.5 124.5 124.75 124.25 121 114.75 112.75 126.25 150.75 162 153.75 137.25 119 109.5 106.25 97 85.75 81.25 93.5 117.75 135.5 149.75 
25.25 24.25 23.25 23.25 22.75 20.5 19.75 21.75 24.75 25.75 24.5 22.75 21 20.25 19.5 17.25 14.25 11 8.75 9.25 11.25 12 14.5 22.5 41.75 67.75 86.25 101 116.75 123.25 132.25 150.25 147.25 128.5 127.75 136.75 119.25 93.25 87 80.5 76.25 95 118.25 96.75 50 26.5 18 13.75 12.5 11.75 11.25 10.5 10.25 11.75 17.25 23.5 21.25 22.25 46 78 91 88.75 89 96.75 105.75 125.5 155 153.25 121.5 103 96.25 99.5 143.25 190.5 186.5 168.75 183 186.5 153.5 126.5 115 128.5 154.5 142.25 118.25 111.75 107.25 108 110.75 117.5 134 155.75 
21.75 21.75 22.5 21.25 20.25 21.5 24 26.25 25.75 23 21 21 21.5 20 16.75 12.75 9.25 8 8.75 9.75 11.5 16.75 25.5 39 57 76 98.75 123.5 136.5 139.25 144 157 167 145 98 66.75 62.25 66.25 70.75 74 72.25 67.5 52 31.75 21 16 13.5 11.75 10.75 11 11.25 10.25 10 12 17.25 27 37 47.25 60.75 67.5 66.25 80.75 112.25 134.75 137.5 120.75 97.5 90 92.25 89.25 90.75 98.5 107.5 117.25 124 136.5 139.5 117 96 99.25 121.25 138.5 133 117 114.5 127.75 140 139.5 124.75 109.25 114.25 140 
15.75 16.25 18.75 22 22.5 20.5 19.5 20 19.75 17.5 14.25 10.75 8.25 6.75 7 9.5 13.75 19.5 25.5 33.5 55 85.25 98.25 106 125.75 140 132.25 103.5 82.5 91.75 113.5 122.5 114.25 111.25 126.75 123.5 92.25 74.5 70.25 50.25 28 19 14.25 11.75 11.25 11.75 12.5 14 16.25 19.5 22.25 22.25 26.75 40 55.75 79.25 120.5 152.25 142.25 115.25 113 127.75 136 136.5 134.75 131.75 120.25 102.75 100.5 112.75 111.25 99.25 99.75 110.5 139 175.25 171 140 137.25 163.25 184 176.75 149.25 136.5 146.25 158.75 154 134 119 120 131 158.5 
