23.25 24.25 25.25 24.5 22 20.75 20.75 20 18.5 17.25 17.25 17.75 15.5 12.25 11 11.25 12.5 12.25 10 7.25 6 8.5 11.5 13.75 19.5 29.25 49.25 81 117.25 148.75 167 158 128.5 105 94 86.5 79.25 70.5 57 63.25 93.25 107.5 82.75 47.25 27.5 18.75 15.5 14.5 13.5 11.75 11 11 10 12.25 19 21.25 18 16.25 20.25 30.75 43.75 57.5 65 65 66 74.25 98 126.5 124 101 103 116.75 109.75 85.25 69.5 80 98.5 100.75 96 101 109.25 114.75 128.75 150.25 159.25 162.25 159 142.75 134.5 129.75 117.25 108.25 
23.75 24.25 23.25 21.75 20.5 20.25 20.5 19.75 18.5 18.25 18 16 16.25 20 23 22.5 18.25 12.75 8.5 7 7.5 9.75 13.75 17.5 26 45 69.25 92.5 118.75 132 124.25 129.25 150.5 159.25 150 125.5 94 78.75 85.75 98 104.5 106.25 101.75 85.25 59.75 38.75 26 18.75 14.75 12.5 11 10 10 10.75 12.75 14.25 14.25 16.75 24.25 31.5 38.5 56.5 85.25 105.5 112 120.25 130.25 130 121.75 109.25 100.75 108 113.75 99.5 88.5 102.25 126.5 140.25 146.5 148 141.25 128.5 117 117.75 121.75 110 90.25 85 94.5 112 124.75 115.75 
20.5 22.5 25.5 25.5 23.5 21.5 20 18.75 17.5 17.25 18 18.5 16.75 15 14.25 12.75 11.5 10.75 9.5 7.25 6.5 7.25 10.75 15.75 20.25 32.5 56.75 85 104.5 115.5 118 104.75 90 94.5 112.5 124.75 123.5 111.25 97.5 90.75 88.75 90.75 106 134.5 155 134 78.75 36.25 20 13.5 11 11 10.25 9.75 10 10.75 12.5 14.75 20.5 36.25 54 62 66 87.75 124.5 144 146.25 150 153.25 138.5 108.5 88.25 94.5 118.25 125 108.5 102.5 109.5 102.25 88.5 92.25 114.5 137 141.5 134.5 130 122.25 117.75 120.5 129.5 153.75 170.25 
21.5 18.25 16.75 19.25 21.5 20.75 20.75 22.5 22.75 20 16.75 14.5 14.5 14.75 12.75 10.5 9.75 9.25 7.5 6 5.25 7.25 10.75 13 17.25 28 47.75 71 89.75 103 110 101.75 90.75 101.5 119.5 124.5 112 95 102.5 133.5 147.5 140 128.75 114.25 90.5 55 29.25 19 14.5 11.75 11 11 9.5 9 9.75 10 10.5 16.25 31.5 47.75 50.25 44.5 56 90 122.25 132.75 119.5 112.5 127.5 144.25 147.25 125.25 90.25 66 58 60.75 67 77.25 89.75 108.25 130.5 135.5 123 102 96.75 112 118.75 122.75 134 149 165.25 171.5 
20.75 18.5 18.25 20.25 21.25 19.5 16 12.75 11.75 12.75 12.25 9.5 9 10 9.75 10.25 11.75 11.25 8.25 6.5 7 8.25 10.5 16.5 31 48.75 55 50.75 56.25 79.5 101.5 108.5 109.5 109 93.25 71.25 63.75 71.25 83 88.5 86 94.75 119.25 129 103.5 60.5 32.25 20.25 14.75 12.25 11.5 10 8.5 8.25 8.25 11.25 16.5 20 24.25 33 51.25 73.5 77.5 70.75 81.5 100.75 110.75 116.5 116 97 82.25 96.5 114.25 109.75 104.75 118.5 127 117.75 98.25 84.5 90.75 104.5 114 125 137 147.75 148.75 136.25 127 134.5 145.5 141 
12.5 10.5 10.5 14.5 20.5 23 23 22.5 20.5 17.25 15.5 16 17.25 18.5 18.75 17.5 15.25 12.25 8.75 6.5 7 9.25 11 12.5 20.75 43.5 72.25 90.25 89.5 81.5 90 111.5 124.25 127.5 124.5 116.25 111 101.25 80.25 64.75 70.5 94 115.75 119.25 94.5 54.75 27.75 16.5 13.25 11.75 10.25 9.75 9.75 11 12 12 12.75 15.25 20.5 28 33 41.5 62 90.5 112.75 114.75 106.75 103.5 106.75 108.25 102.25 95 97 105.5 104.5 96.25 97 111.5 130.5 132.25 113.25 101.5 104.25 106 104 102.5 113.25 135.25 139.5 125.25 119 120.5 
17.25 17.75 18.5 21 22.5 20.75 16.75 13.75 12.75 12 11.25 11.75 12.5 12.25 11.75 11 9.75 8.25 7.25 6.75 7.75 11 16.25 24.75 34 46.5 60.5 60.25 56.5 71.25 88.25 89.5 95 118.25 129 108 85.75 83.25 90.75 109 133.75 137 124 119.75 99.25 58 29.5 17.75 13.75 11.75 11 11.25 11.5 11.75 11.75 11.75 12.75 19.5 32.5 44.25 49.25 58.75 75 86.25 88.75 97 114.25 117.75 108.25 93.75 79.25 79.25 86.25 85 85.5 94.5 105.75 118.75 128 129.25 129.75 134 143.5 156.5 158 150.5 157.5 169.25 167 157.5 144.75 137.25 
18.75 14.75 12 12.75 15.75 18.5 19 17 15.5 16.75 18.25 18.25 18.5 16.75 13.25 10.5 8.5 7.75 6.25 5.5 7.5 8.75 10.5 16.25 25.75 38 56.25 83.25 96.25 85.75 74.5 70.5 73.25 90.25 107.5 102.75 95.75 107.75 113 91 69.5 82.5 115 128.75 103.75 57.25 27 17 12.75 10.25 9 8.5 8.5 9 10 10.75 13.5 21 29.25 32.5 30.25 33 41.75 50 70.5 93 91 84.25 91 96 94.25 99.75 119.25 136.25 149 159.5 151.5 133.5 135 148.5 137.5 109.25 96.25 99.5 109.75 111.25 96.75 87.25 105.75 131.5 141.25 142.75 
18.25 16.5 14.75 14.25 16 20 24 25.75 25.5 24.5 22.5 19.75 16.25 13 10.5 8.75 8.5 7.75 6.25 6 7.5 9.25 12.75 20.75 32.5 42 48.75 62 79.5 89.75 92 89.5 87 87.5 84.25 77.25 75.5 85 89.5 83 90.5 113.5 120 94.75 56.25 29.75 19.5 15.5 13.5 12.75 11.75 10 9.5 10.75 13 14.75 17.5 23.25 31 37.5 43.5 54 72 94 109 116.25 121 114.5 97.75 84.75 85.25 101.75 108 87.75 73.5 80 92.5 103.5 113 122.5 130.75 130.5 120.75 118 134.5 156.75 171 179.75 184 179.75 166.5 152.25 
28.25 26.75 25 24 24.25 23 20.5 19 17.25 15.25 14.5 14 12 9.25 7.25 6.25 5.5 4.75 5.25 6.75 9 10.5 11.75 16.75 27.75 43.75 60 71.5 86 103.75 108.5 98 86.5 82 79 73.25 66 61.25 61.75 68.5 81.75 92 91.5 79.75 55.25 31 18.25 13.75 11.5 10.25 10.5 10 10 10.25 11.25 12.25 13 13.5 15.5 27 49 79.25 104 102 90.25 94.75 100.5 94.5 88.75 91 102 113.75 115 107.25 101.25 107.5 114.25 117.25 126 134.75 141 147.75 146.75 129.5 110 111.5 126.25 131.5 131.25 132.5 124.5 107.5 
