23.75 24.25 23.25 21.75 20.5 20.25 20.5 19.75 18.5 18.25 18 16 16.25 20 23 22.5 18.25 12.75 8.5 7 7.5 9.75 13.75 17.5 26 45 69.25 92.5 118.75 132 124.25 129.25 150.5 159.25 150 125.5 94 78.75 85.75 98 104.5 106.25 101.75 85.25 59.75 38.75 26 18.75 14.75 12.5 11 10 10 10.75 12.75 14.25 14.25 16.75 24.25 31.5 38.5 56.5 85.25 105.5 112 120.25 130.25 130 121.75 109.25 100.75 108 113.75 99.5 88.5 102.25 126.5 140.25 146.5 148 141.25 128.5 117 117.75 121.75 110 90.25 85 94.5 112 124.75 115.75 
20.5 17.25 16 17.75 21.25 24 23.5 20 16.25 14.75 15.25 17 17.75 17 16.5 16.5 17 18 19 20 19 14.75 10 8.5 9.75 11.75 14.25 16.5 20.75 40 86.5 133 143.75 134 130.75 131.75 125.25 116.5 111.5 98.75 69.75 46 51 66 59.25 45.5 46.5 50.25 48.25 40.5 27.25 17 13.25 11.25 10.25 9 9 9.75 10.25 11 13.5 19.25 28.75 43.75 64.75 82 84.5 77 77.5 90 104.5 113 116.5 122.5 120.25 99.75 83.75 78.75 73 63.5 53 64.25 107.5 147 150.75 129 101.5 99.75 131.75 157.25 155 143.25 
20 18.25 17.75 18.75 19.5 18 15 12.5 11.25 12 14 15.25 16.75 17.25 15.75 13.5 9.75 6.5 7 9.5 14.75 20.25 25 37.25 56.75 74.5 84.75 90.25 95.75 105 121.75 135.25 135.5 130.75 120.5 104.25 85.25 68 62.75 62.75 63.5 68.25 69.75 59.75 39.5 23 14.75 11.5 11 9.75 9 9.5 10.5 12.75 14.75 16.75 24.75 40.5 55.25 59.75 71.5 102.5 128 143.25 156 156.25 146 140 137.75 123.5 102 95.75 103.25 115.25 130.75 132.75 121.5 119.5 121 112.25 100.25 90 85.25 95.25 111.5 128.5 148.75 158 146.75 126.5 112.5 104 
24 25.5 27.75 27.75 26.5 27.25 27.5 22.75 16.25 13.75 15.5 17.5 19.25 20.75 20.75 20.25 20 18.25 14.5 12 11.75 10.5 8.5 7.25 7 11 19.5 27.5 32 40.25 56.75 76.5 90.5 98.25 107.25 110.25 103.5 98 92.25 83.25 71 53 42.25 46.5 53 59.5 70.5 72.75 59.5 38.5 23 16.5 13.25 11.75 10.5 10.25 11 11.5 11.5 11.75 11.75 12.5 18.5 26 33 43.25 49.75 52.5 62 80 90.75 83.25 76.25 86.75 105 116.5 114.25 98 81 71.25 65.75 66 79 96.75 94.5 80.5 69 57 55.5 68.5 81.75 91.25 
23.5 23.75 24.5 23.75 22 19.75 18.75 19.25 18.25 16 14.5 13 14.75 18.75 20.5 20.5 18.75 16 12.25 8.5 7.5 9 11.25 16.75 26 37.25 56.25 79.25 95.5 102.25 105.75 114.75 129 135 131.5 129 116 91.25 72.5 65.25 65.5 72.25 82.75 94 91.75 67.25 39.5 23.5 16.5 12.75 10.75 10.25 9.75 10.25 12.5 14.75 17 16.75 16.75 22.25 35 49 58.25 73 92 104.75 109.25 109.25 110.75 115.25 119.5 113.25 103.25 103.75 106.5 106.25 119 145.5 165.25 170.5 154.25 133 124.75 116.25 110.25 115 113.5 99.5 96.5 111 128 135.75 
17 18.5 21.5 24 24 21.5 18.75 16.5 15.5 16.5 18 17.5 16.75 17.75 18.5 18.5 19.25 20.75 20.25 17.25 13 9 7.75 9 11.5 14 17 23.5 41.25 72.75 102.75 113 101.75 89.75 99.5 121.5 126 106 73.75 49.25 47.75 71 99.25 97.25 84 82.75 74.25 56.75 40 25.75 16 12.25 11.25 10.75 10.5 10.75 11 12 14.25 17 22.5 27.75 29.5 35 48.25 63 75 82.25 89.75 99.25 107 118 131.25 130 111.5 101.5 97.25 78 58.5 61 79 97.5 114.5 128.75 121.75 95.5 89.5 108.25 121.5 111.75 88.5 76.25 
21.25 18.75 16.75 17.25 19.75 23 24 21 17.25 15.25 15 16.5 18 17 15.25 16.25 17.75 17.25 17 19.5 19.25 14.5 10 8 8.75 11.25 15.75 21.25 26.5 36.25 65.5 105.25 119.25 116.5 128.5 139 133.5 130.25 131.25 123.25 106.75 79.75 51.5 55 75 67.75 52.75 47.25 36 26.5 20 14 11.25 10.5 10.5 10 10.75 11.75 12.25 12.75 14 16.5 20.5 26.75 43 63.75 69 66.75 79.5 100 115.75 136.75 160.25 159.5 134.75 117 111.5 94.5 72.25 58.75 56.5 76.5 112.75 141 148 129.75 99.5 94.25 108.75 105.5 97.5 107 
19.75 21 23.75 24.5 25.25 26.5 24.5 20 16.25 15 15.75 17.25 19 19.25 19.25 21 21 18.25 15.75 15.25 13.75 9.75 6.75 5.5 6.25 10.25 15.5 21.5 31 55 102.5 141 141.5 132.25 137.75 149.5 152.75 139.75 121.25 100.75 71.25 49.5 56.75 88.75 117.25 109.75 71 37.25 23.5 18 13.25 10.25 9 9 8.5 8.5 10.25 12.5 14.25 16.5 19.25 20.25 23.25 37.5 61.75 75.5 70.75 69.5 83.5 96 98.25 96.25 107.25 129.75 133 114 97.5 87.75 76.75 62.5 59.5 85.25 124 152.5 152.5 128 101.25 100.5 130.25 154 155.75 149.75 
18.75 17.75 19.25 22 23.25 24.5 25.25 23 19 16 14.75 15.5 18.25 18.25 17.5 19.75 20.25 18.75 18.5 19.25 18.25 15.5 13 10 6.75 6.25 8 12.25 17.5 19.75 22 31 51.25 75.5 91.5 102 112.5 128 134.25 127.25 121.5 97 60.5 48.75 65.25 96.25 114.5 102.75 81.25 65.5 51 32.75 19.5 14.5 11.25 9.75 9.25 9.5 10.5 11 11.75 13.75 18 24.25 27.75 28 34 48 61.75 74.75 92 99.5 94.25 95 102.25 102.25 88.75 85.75 102 99.25 74 58 61.25 78.25 101.25 128 141.25 125.75 110.75 120 131 125.75 
17.75 14.5 12 10.75 11.75 13.75 15.25 17 17.5 15.25 11.5 8.5 6.25 5.75 8.25 13.75 24.75 38.5 53.75 75.5 95.25 104.25 112 123.5 133.25 139 142 144.75 147.25 142.25 127.5 114.5 108 95.75 73.5 55 40 27.5 21.5 16.5 12.75 10.75 8.75 8.25 10 10.25 10.5 14.5 20.75 25.5 27 27.5 32 44 59 80.75 115 147.5 161.5 153 137.5 134 133.25 125.25 114.25 101 94 96.75 97.5 95.75 101.25 110.25 115 117.5 121.75 128.25 137.25 135.75 118.5 98.5 82.25 73 72.75 78.5 91.75 104.25 105 100.75 97 93.25 93.5 99.75 
20.25 20 18.75 20 21.5 23.25 25.75 25.5 22.5 18.25 15.25 15 16.5 18.25 19.25 19.25 18.75 18.75 18.75 18.25 17.5 16 13.5 10.5 8 6.75 8 11 14 18.25 29.5 58.75 109.5 149.5 157.25 154.25 157 157.25 135.75 102 85.75 83.5 71.75 53.25 49 53 43.5 29.5 23 20.5 18 14.25 12.25 11 9.5 9.25 9.5 9.75 11 13 12.25 11.25 12.5 15.25 21.5 40.75 73.5 91.5 85.75 81.5 93.25 107.5 121.75 145.25 154.75 138.25 116.5 98.5 88.25 81.75 68.75 54.75 55.5 82 124.25 156.25 157.5 128.25 100 101.5 119.75 130.25 
17.75 18.5 21.25 24 23.75 20.75 18.75 18 18.25 20.5 21 19.25 17.75 16.5 15.5 16 18.75 20.75 19.25 15.25 10.25 6.75 7 9 12.25 17 20.5 24.5 40 69.5 101.5 123.25 138.75 150.75 155.75 156.25 154.25 142.75 105 64.5 50.5 63.75 88 94 77.5 54.5 42.25 37 27.25 17.75 14 13 11.25 10.25 9.5 9.5 11.25 14 18.5 24.75 31 32.5 30.25 40 66.25 90.75 99.25 95.25 96 104.5 111.75 117.5 113.25 95 82 84 87.25 80.5 73.25 82.5 94.5 96 98.5 98.75 92.5 90 97.25 106.5 107.25 93.75 85.75 104.25 
19 18 18.5 20.75 22.75 24.75 25.75 24 20.75 17 14.25 14.5 17 18.25 18 18.25 18.75 19.25 18.5 17 15.75 13.5 10.25 7.75 6.75 6.75 8.75 13.25 25 43.75 58 78.5 121 151 144.25 135.25 143.25 153.25 161.25 157.25 134 103.75 79 79.5 103.25 111.75 98.75 91.75 87.25 64.5 38.25 24 16.5 13.75 11.75 11 10.5 10.5 11.75 13 13 12.75 16.25 24.5 41.75 68.5 83 74.25 67.25 81.25 106 126.25 139.5 137.75 115.5 95.75 90.25 87.25 84 74.5 60.75 61.25 82.5 105 110 98.25 80.75 65.25 57.25 64.75 79.5 95.75 
17.75 17.25 17.5 17.25 15.5 13.5 12.75 13 14.25 16 16.75 15.5 12.75 9.75 7.75 7 8.75 11.5 15.75 27 46 70 92.75 108.25 120.5 132.5 138 133 123.75 118.5 105 77 56.75 54 56.75 57.5 55 52.5 51.5 49 41 27.5 18 13.25 11.75 12.25 11.25 10.75 12 12.75 12.5 13.5 18.25 26.25 35.75 42.5 52.75 79 112.5 125.75 112.5 103.25 114 131.75 133.75 117.25 109 118.75 125.75 115.25 99.75 88.75 85.5 95.5 100.75 92.75 82.75 75.25 74.5 79 81.75 88 105 122.75 120.75 103.25 92.75 88.5 91.75 101.25 99 86 
18.25 16.75 13.75 12.5 12.25 12.75 14 15 16 16.25 14 10 7.5 6.75 7.75 9.25 13.25 24.75 35.5 38 47 71 95.75 110.25 115.25 119 128.75 136.25 127 104.25 82 70.5 71.25 86.75 103.75 93.75 69.5 55 42 26 16.25 12.25 9.25 8.5 8.75 9 10.25 11.75 13.25 14.25 17 23.25 29.25 34.5 42.75 54.25 69.25 80.75 77.5 67.25 61.5 58.25 58 71 100.5 122 113.25 92.25 92.5 116.75 141.75 142.75 121.25 106 106.5 110.75 122.25 149 166.75 149 118 99.75 89.5 95.5 123.5 139.75 137 148.25 157.75 132.25 94.75 84 
26.75 25.25 24 22.25 23.75 25.75 25.5 25.75 27 26.75 22.75 17.5 14 14.5 17.5 19.5 20 20 19.75 19.5 17.75 14.5 12.75 11.5 8.75 6.5 7.5 10.5 13.75 17.25 23.75 51.25 105.75 147.75 157.75 155 145.5 129.25 115 108.25 105.25 91.75 67.5 50.5 44.75 43.5 42.25 38.25 32 29.25 28.25 23.5 18.5 14.75 11 9 8.25 8 8.5 9.5 10.75 11.25 13 19.5 25.5 28.75 43.75 75 103.25 113.5 116 117.75 118 120.5 121.75 111.25 90 83.75 92.5 91.5 76.25 61 62 79.75 101.75 120 132.5 122 102.25 104.25 113.25 126.25 
27.75 26.75 25 22.5 21.25 23 25.25 24.5 20.75 17.25 16.75 18.25 19 18.5 17 14.75 12.5 11.75 11.25 8.75 7 6.75 8.25 13 22 42.75 80.5 123 141 127 109.5 104.25 110.5 124.75 128.25 115.5 98.75 84.25 71 58 46.5 38.75 39.75 47.25 55 56.25 44.5 27.75 18.25 14.25 11.75 11 11 10.5 11 12.25 16.75 27.75 48.25 83.5 121.25 130.75 112.25 91.5 80 82.75 90.5 87.75 83 86.25 89.25 90.25 94.5 101 99.75 84.25 65 56.5 57.5 58.25 52.5 48.25 58 74.25 82.25 83.75 84.25 82.75 89 113.75 142.5 154.25 
18 17 15.25 13.25 13 14.75 16.25 16.25 13 8.75 6.5 7 10.5 20.75 37.75 58.25 83.5 102.75 104.5 100.75 107.25 116.75 119.75 122.75 133.75 149.5 155.75 146.5 120.25 85.25 60 52.25 56.75 66 80 86 66 37.75 21.25 13.75 10.5 9.25 9.5 9.5 10.5 17.25 34.5 58.5 78.5 86.5 85.5 83.25 77 65.75 57.75 57.75 66.25 73.75 71.75 71.75 85.5 105.75 126.5 142 134.25 106.5 97.75 121.75 143.5 138.75 127 136.5 152.75 144 123.75 121.25 127.75 125 121.25 123 113 87.5 71.75 77.75 87 91 96.75 102.75 103.5 95 85.25 90.25 
14.25 14.5 15.75 17 16.25 14.75 13.25 10.5 8 6.75 7.25 10 17.75 34.25 55 72 83.75 91.25 95 94.75 95.75 101.25 102 107.25 122.25 121.25 103.75 88 70.25 53.75 54 71.25 86.75 82.25 61.5 43 30.5 19.75 15.5 17.5 22.25 23.5 21.25 28.75 46.5 53.25 44.25 35.25 33.75 39.5 52.5 66 70.25 64.75 58 57 62 75.75 92.25 98 92.5 87 88 92 89.75 83.75 86.75 93.25 93.25 89.75 89.75 91.25 88.75 81.25 72.5 64.25 60.75 67.5 71.5 62.75 55 62.25 78 88.5 84.5 78 81.5 84.5 77.5 72.25 78.75 83.5 
15.25 16.75 17.5 15.25 12.5 11 10.5 11 12.75 14.25 13.5 11.25 8.75 8 9.5 17.25 37.75 65.5 91.5 113 130.5 137.25 131.75 134.75 151.75 159.5 151.5 141 130 115.75 99 82.25 66.25 58.5 68.25 82.5 77.25 59.25 44.25 30.5 20 15 12.75 10.5 9 9.5 11 13 17.25 30.5 57.25 82.5 87.5 78 68.75 61 55.25 50.25 46.75 56 75.5 88 94.5 99.75 94.5 78.75 66.75 67 73.5 83 96.75 108.25 108 97.5 88.75 86.75 89.25 98.75 104.5 94.5 83 78.75 74 67.75 65.75 71.5 80 80.25 73.25 67.75 67.25 74 
22 19.5 19 19.75 20.25 20 18.75 17.25 15.5 14 14.25 16 16.25 12.75 8.75 7 8.25 11.25 21 49 93 128.25 130.75 112.25 107.25 126.5 149.25 152.5 138.25 130.25 138 146 139.75 124.75 105 79.25 59.75 60.75 75.75 81.5 69.5 50.5 31.75 19.5 13.25 10.25 10.25 9 8.75 10.75 16.5 30 50.5 62.5 59.5 64.5 85.5 97.5 90.75 79.25 71 64.5 56 49 43 38.5 39.25 45 58 73 86 96.5 113.25 142 157.5 146.25 125.75 104 90.25 92.25 82.75 61.5 51.75 59 72.75 68 52.25 49.25 61 82.25 104 111.75 
17.75 18 15.75 13.25 11.5 11 12.5 14.25 14.5 12.5 9.75 8 7.5 8 11.75 23.25 38.25 47 52.75 63 80.25 99.75 111.75 113.25 112.5 113.5 114.25 119 123 112.25 90.5 74.75 70 69.75 72 79.25 83.25 71.75 48 26.75 15.75 12.25 10.75 9.5 9.25 9.25 10.75 17 35.25 71.75 108 118.25 111.75 113.75 120.25 111.5 96 99 109.25 98 81.25 90.5 107 107.75 110 118.25 111.5 89.5 80.25 87.5 94.75 99.75 104.5 106.75 108.5 116.5 128.25 132 121.75 107.75 106 113.5 108.75 89.25 75.5 80.75 92.5 100.5 109.75 111.75 101.75 95 
16.25 17.5 17 15 13 11.25 10.5 11.25 11.75 10.25 7.75 6.25 7.25 9.75 15.5 30 59.5 102.75 139.25 152 149.75 146.5 146.25 146.75 149.25 152.75 140.75 113 96.5 90.25 77.5 64.25 59.75 64 69 70.25 68.5 57 37.75 22.5 14.25 11.75 10.75 10.5 11.5 15.75 29.25 51 68.25 77.5 90.25 103.5 100.25 82.25 66.5 66.25 83.5 99.25 98.5 96.5 108 118.5 112.5 101.25 92 81 83.75 101.25 108.5 109.5 110.75 109.25 116 125.25 133.5 140.25 134.25 127.75 128.25 125.5 118.5 111 109.5 113.5 115.5 103.25 84 78.5 80.75 78.75 79.75 89.75 
27.25 25.25 23.25 20.5 20.75 23.5 24.25 24.5 26.25 27.25 24.25 18.5 14.25 14 16.25 18.5 20 20 19.25 18.5 17 14.75 12.5 9.75 7.75 8.75 11.75 18.25 32 63 112.5 153.75 166 165.5 162.5 153.5 149.75 147.5 143 140.5 130 107 75.25 52 59.75 105.25 152.5 146 98.75 60.25 39.25 27 18.5 12.5 10.5 9.5 9.25 10 10.75 13.75 23.75 48 92.75 133.5 146.25 136.5 109.5 85.5 85.5 104 117 108 90.25 82.75 87.5 93 92.25 94 104.75 112.75 111.75 110.5 100.75 74 51.25 44.5 47.25 57.75 73 81 80.75 91.25 
21.5 21.5 18.5 15.25 14.25 15.5 17.25 17.75 16.5 15.75 15.75 15.25 14 13 12.75 10 6.75 6.5 8 12.5 24 44.5 65.25 72.75 75.75 89.25 110 132 140.25 128 116.5 115 115.25 106.5 92.75 89 85.5 71.25 63.5 79.25 94.75 81.5 53.5 30.5 18.5 14.5 11.5 9.5 9.25 9.75 10.75 12.5 17.75 30.5 48.5 69 85.75 89.25 85.75 86.5 93.5 95.25 87 81.5 81 75.25 66.75 69.5 86.25 108.5 118.75 104.5 82.25 79.25 97 114 107.5 89.5 81.75 78.75 77.25 72 54 39.5 44.5 63.5 73.25 63.75 58.75 75.25 104.5 119.5 
18.5 19 19.25 18 16.5 14.75 13.25 14.5 16.75 16.5 13.75 10.5 8.5 9.5 12 17.75 38.5 68.75 84 82.25 86.5 100 114.5 128.75 135.25 136.75 136.5 123.25 100.5 83 69.75 57.75 53 61.5 75 78.75 75.5 71 59.75 41.5 25.5 17.25 13.75 12.5 12 11.75 14.25 20.75 29.5 38.25 47.75 58 69.25 79.25 81.25 78 77.75 81.75 86.25 84.25 73.5 66.5 69.25 81 101.75 122.5 130 118 94.75 78.5 75.75 84 99.25 103 87 69.25 69 78.75 75.75 65 73 96.75 104.75 82.75 56.5 54.75 76.25 94 87.75 76.5 77.75 81.5 
19.25 19.25 20 19.75 18.5 16.75 14.75 14.25 15.5 17.25 16.5 12.25 8.25 7.75 8.5 11.5 23 53.5 99.5 128.25 133 135 135.75 132.5 133 147.25 169 178 173.25 170 159.5 125.75 83 55.5 49.75 53.75 57.5 60 59.25 49.75 33.5 21.5 17 15 13.25 13 13.5 14.5 21 37.5 59.75 77 80 80.5 93 103.5 108.25 115.75 119.5 110 93.75 89.25 92 89.5 88.5 96.25 101.75 91.25 75.5 73.75 82.25 98.25 122.5 129.25 109 89 90.25 96.25 86.25 72.75 74 90 100.25 83 57.5 56 73 90.5 102.5 112 118.25 115.75 
18.25 18.25 17.75 17.5 16.25 14.5 14.5 15.75 16.75 15.25 11.5 8.5 7.75 9.75 15 28.75 59.75 106.5 146.75 158.25 141.75 117.25 104.75 104.75 108.5 115.25 124.25 133.25 135.5 117 84 62 65 79 82.25 78.25 75 66 46.25 26.5 17 12.75 11 10.5 9 9 12.25 18 29.75 45.5 54.5 56.25 61.75 78.75 95.75 96.25 81.25 68.5 63.75 59 66 89 107.25 111.75 114.75 116.5 106.75 91.25 82 84 97 117 125.75 109.5 84.5 69.25 63.75 61.5 64 75.75 93.5 104.75 96.75 78 71.25 80.25 90 96.5 98.75 95.25 89.75 85.5 
17.75 18.75 19.5 19.25 17.5 14.75 12.75 12.75 13.75 12.5 9.25 7.25 7.25 8.75 15.25 32.5 63.75 102.75 135.25 151.5 149.5 133.75 111.5 99 105.5 120.25 129.75 123.5 101.5 76.5 60.75 56.75 60.25 64.75 62.25 55.5 52.5 46 32.5 20.5 13.75 10.75 9.5 9 8.75 9.75 15.75 34 66 95.75 111.5 119 118 109.5 103.75 102.75 107.75 110.25 94 72.5 74.25 97 109.5 105.25 108 108.25 91.25 81.5 93.25 105.25 120 143 146 130.75 129.25 147.75 152.75 134 115.75 107.75 107.5 103.75 84.5 66 70.25 88.75 106.25 119.75 122.5 108.75 95 93.75 
18 18 17.25 15.75 15 14.5 14 14.75 16 15.25 12.25 9.25 7 7 9.75 13.75 22.25 38.25 61 88.25 114 129 125.25 111.25 112.5 129.75 137 129.5 118.25 106 89.25 68.25 53.5 51.25 55.75 62.75 70.25 69 52.75 31.75 19 13.75 11.25 9.25 8.25 9 10.25 15.25 32 61.5 87.75 97.25 92.5 82.75 75.75 72.5 71.5 75.5 79.25 71.5 60.25 63 75.25 85.75 97.5 107.75 104 87.75 79.75 90 98.75 97.25 101 107.75 105.75 98.5 97.25 105.5 116 123.5 132.75 146 141.25 104 69.75 70.75 94.25 111.25 104.5 80.75 62.75 65.5 
18.25 18.75 18.25 17 15.5 13.75 12.5 12.5 13.25 12.25 9.5 7.5 8 11 16.75 26 43.5 78.25 114.25 121 108.5 108.5 124.75 136 139.75 146.5 144.25 133 126.75 113.5 83.5 57 57.25 93.25 129.25 122.75 90 58.25 34 20 14.5 13 12.75 12.5 12 12.25 14.25 24.25 50 75.5 81 77.5 87.75 95 90.75 96.75 105.25 99.5 90.5 94.75 100.5 100.75 108.25 118.75 115.5 95.25 71 62.25 80.5 109.5 123.25 115.75 105 103.5 105.5 113.25 117 104.75 83.25 68.25 70.5 85 98.5 98.75 92.25 96.75 106.25 101 84.75 74.25 71.75 73 
18.75 19.25 19.5 18.75 17.75 16.5 14.25 13.5 15 15.75 13.75 10.25 7.25 5.75 7.5 13.25 23.5 38 59 88.25 110 111.25 102.5 101.75 111.5 119.75 124.75 131.25 134.5 128 110.25 88 68 55.75 58 64.25 66.25 63.75 52 34 20.5 15.5 13.5 11.75 10.75 10.25 12 14.75 16.75 24 41.5 65.75 82 80 71.25 67.25 72.5 88 99.75 100.25 105.5 114.25 109 102.75 113 124.75 121.5 108 97.25 96.75 100.5 101.5 102.25 106.25 108 101 90 83.75 80.5 72.5 59.75 55 68.25 89.25 102.25 104.25 100.25 95.5 94.25 96 98 100.25 
18 18.75 20 20 18.5 16.5 14.75 14.5 16.75 19.75 19.5 15 10.25 7.5 7.25 8.75 14.25 24.25 33.75 48.25 73 90.5 96.25 104 116.25 131.25 139.25 131.25 121.5 121.25 113 91 74 77.25 98.25 115.5 110 85 56.5 35.25 22 15.5 13.25 12 11.25 10.25 11.25 13 13 13.75 15.75 20.25 32.5 50.5 67.5 94.5 128 131.5 104 82.5 77.75 78.5 83 93.25 111.25 126.75 122 111.25 114.5 118 110.25 101.25 99.25 94.25 83.25 86 98.5 101 98.75 106.25 116.25 116 113.5 114.5 115.5 115.75 107.25 86.5 74.5 86.5 109 128 
18 20.25 22.5 23.75 22.5 19.75 16.75 15.5 16.5 18 17.75 16.5 17.25 18.5 18.75 19.25 19.25 17.75 14.75 10.25 7.75 7.75 9 11.25 17.25 33.5 55.25 73.75 86.5 96.5 106 114.25 119 124 126 120.5 118.25 121 112.75 89.75 69.75 56.75 49.75 61.75 85.5 83.25 52.75 27.5 17.25 13.25 12 12.5 11.5 10.25 10.75 11 11 13 21.5 41.25 63 79.25 95.25 109.75 114.75 115.25 126.25 144.5 155.25 150.25 139.25 134.75 136.5 146.25 152.75 141.75 125.25 115.75 114 108.25 90.5 80.25 92.75 109.25 104 86.25 79 85 93 96 92 87.25 
21.25 20.25 19.75 19.5 18.5 16.75 15 13.75 14.25 16.75 18.75 18 14.5 9.25 7.25 8.25 10 13.75 20.5 35 59.75 85.75 102.5 116.25 129.75 137.25 138 133.5 128.5 127.75 129.25 126.5 120.75 111 92.5 76 88.25 121.75 114 66.5 33.5 21.75 16.25 12.75 12.25 12 11 11.25 17.5 26 28 23.25 23.75 32.75 40 46.5 61 77.5 85.25 87 89.25 94 106.5 125.25 146.25 161.25 155.25 143.25 149.75 171 185 170.75 140.75 127.5 138.75 148 135.5 128.75 139.75 149.5 148 136.5 127 125.5 126.5 124 120.5 109.5 93 92.5 104.25 115.5 
25.75 26.5 27.25 27 27.25 28.25 27 22.25 16.25 13.25 14.5 17.5 20.5 21.5 19.75 17.75 16.75 15.75 13.75 11.5 9.75 8 7.25 8.75 12.25 16.25 21.75 33.75 53.25 77.25 96.5 105.25 107.75 104.5 107 126.5 143.5 134.5 122.5 136 153 136.25 99 93.5 123.5 135.75 102.5 58.25 31.75 19.5 14.5 12.25 11 11 12.5 13.5 13.5 17.25 24.75 29.25 32.75 42.75 59.75 81.25 99.5 107.25 110.5 113 126.25 142.25 131.25 103.25 80 71.75 87.5 121.25 144.5 137.25 115.25 106.25 117.5 126.25 112.5 89 78.5 85.5 92.75 92.5 96.25 101 91.25 79.75 
19 19.75 20.5 19.75 18.25 17.25 16.75 17 18.75 21.5 22.5 20.25 15.5 10.75 8.5 8.25 10 13.25 19.5 32.5 50.5 70.75 89 105.25 127.5 146.25 148.25 143.75 146.5 143 122 96.25 74.25 55.25 43.5 45.75 55 61.25 67 65.25 47.5 28 17.5 13.75 12 10.5 10 11 13.75 16 16.5 16.75 20 34 60 83.5 92.75 93.25 93.25 92.25 92 94.75 97.5 102.25 112.5 130.75 146.5 137.75 115 116.25 137.25 141 132 144 161 143 108.25 100 115.5 126.25 127 129.5 135.5 124.5 103.5 101.75 116 123.25 119.25 118.25 124 137 
23 24.75 26 23.75 19.5 15.75 14 15.75 18.25 18.5 18 18.25 19 19 18.25 17.25 14.75 11 8.5 8 9.75 12.25 15 18.75 24.75 35.5 53.75 80.25 100.5 105 101.75 93.5 82.25 78.25 84.5 93 100.5 99.25 83.5 67.5 76.75 100.75 92 57.25 34 23.75 17.5 14.5 12.75 11 11 11.75 12 12.25 14 16.5 25 46.5 73.5 94.5 113.5 128.5 133 127 113.25 105.75 102.5 88.5 78.5 82.25 87.75 89.25 90.75 100.5 111.25 116.5 133.75 154.25 149 138 144.5 158.75 160.25 139.75 115 97.5 84 83 98.75 117.25 125 125 
17.75 19.25 17.25 14.75 13 12 12.75 14.25 15.25 16 15.25 12.25 9 7.75 11.5 20 27 31.25 42.5 62.25 82 107.25 132 146 168 188 175.25 147.75 140.5 150.5 148.75 123 89.75 82.25 112.5 140.25 127.5 93.5 64.25 41.75 25.75 16.75 14 13.75 14.75 13.75 12 13 16 18.5 21.5 31.25 43.75 53.5 67.25 93 120.75 135.5 143.75 150.5 148.25 143.5 149 158.75 164.5 167.5 167.5 153.5 134.5 141 155 149.25 138.75 138 144.75 149.75 150.5 155.25 170.75 175.5 153.5 123.75 117.75 144 160.75 151.25 138.25 126 111.75 107 122.25 138.5 
21.25 19.75 19.75 19.75 20 19.5 17 14.75 14.5 16.75 19.5 19.75 16 10.25 7.25 7.25 8.5 10.75 14.25 20.75 34 56.5 88.25 117.5 130.5 125.25 110.5 104.75 105.75 101.25 97 95.25 84.25 64.25 56.25 67 76 72 60 45 31.75 21.75 15 12.25 11 10 9.5 10 12.5 14.5 15.25 17 23.25 35 46.5 52 62.25 82.75 101.5 115.5 126 120 112.5 126.75 138.75 126.5 108.5 111.25 122.5 125.25 134.5 139.25 119.25 103.75 104.75 110.5 128.25 150.5 158.5 160.5 165.25 167 166.75 154 133.5 121.25 111.5 99.75 90.25 91.5 111 143.5 
22 24 24.25 24.75 26.75 26.25 21.5 16.25 14 15.5 18.25 19.75 20 19.75 19.75 19.5 18 16 13.5 10.5 8.25 7.75 10 13.75 18 22.25 30.5 48.5 79 113 137.25 156.5 165.75 158.25 149.25 148.5 145 133.75 114.5 88.25 65.25 50.25 54.25 81 103.5 88.5 51.25 28.25 19.5 13.75 10.25 9 9.5 11.5 13.25 13.75 14.75 18.5 25.25 33.25 41.75 46.75 50.75 62.5 76 92 116.25 132.25 126 106.25 88 79 82 98.5 114.75 117.5 103.25 91 109.75 144.25 154.5 136.25 114.5 103.25 103.25 110 110.25 100.5 89.75 87.5 100.5 110.5 
25.25 26.75 25.5 21.5 17 14 14.25 16.75 19.25 20 19.75 19.25 18.75 17.5 15.25 13 11 8.5 7 7 7.5 10.75 18.5 35.25 57.25 75.75 95.25 112.25 116.25 115.5 120.5 127.75 128.5 118.75 106.5 101 97.75 87 69.25 53.75 47.5 51.25 55.25 46.5 29.75 18.75 14.5 13 12.5 12.25 13.25 15 16 17.5 21 27.75 40.25 54.25 67 79.5 96 111.5 116.5 123.75 144.5 155 134.25 102.75 86 92.25 109.25 120.5 127.5 127.75 116.5 107.5 116.25 140.25 157.75 146.25 126.5 127.75 132.25 126 114.5 100.75 87 82 92 101.75 113.75 135.25 
19.75 20.5 21 19.75 17.5 16 15.5 16.5 19 21 19.5 14.5 9.75 7.75 8.5 10.75 14.25 19.25 29.25 49 79.25 117.25 145.5 152.75 153.5 156.25 157.25 154.25 140.25 125 117.5 107.5 89.25 68.5 61.25 69.75 68.75 50.75 35.25 25.5 16.75 12.25 10.75 9.75 10.5 10.25 12.5 18.5 21 18.5 17.75 25.25 42.25 58.25 70.25 87.75 106.5 119 125.75 124 118 119.25 121.5 114.25 104.75 99.5 99.75 112.5 127.75 130.5 128.75 130.5 125.5 113.5 113.5 125 123.75 107.5 102.5 125 149.25 146.5 132.5 122 119 127.75 135.5 131.75 126.75 132.75 154.5 177.25 
24 25.5 26.25 23.75 19.75 16 13.75 15.25 18.25 20 20.5 19.25 18.75 18.5 17 16 14.25 11.25 8.75 8.5 11 14.5 17.5 23 37.25 71.25 124.5 171.5 185 187.5 205.75 211.25 187.5 168.75 169.5 163.5 146.25 135.75 126.75 99 82.25 104.5 120.75 95.5 57.25 32.75 19.5 14 12 11 10.5 11 12.75 12.5 14.5 26.5 41.75 48.75 45.75 48.75 71.5 96 101.25 101 112 129.75 137.25 119.5 93.25 81.25 87 106.5 130.25 148.75 151 133.75 119.75 127 139.75 133.25 122 138.5 162.5 158.25 139.25 121 106 98.25 95.5 100 103 107.75 
26.75 24.5 19.75 15.25 13.75 15.5 18.25 19.75 20 19.5 19 18.75 17.25 15.25 13.25 10.75 8.75 7.25 6.25 7 9.75 16.75 34.25 58.75 77.75 90.75 105.75 121 128.75 121.25 106.5 104.5 115 119.5 108.5 93.75 90.75 86 72.5 76.25 101 106.25 72.25 38 23.5 17 14.25 13 12.25 15.5 23.25 29.25 27.5 20.5 18.75 26.75 43.25 60.25 70.75 83.5 95.25 96.75 101 120.5 138 128.5 105.25 93.25 94.5 101.5 110.5 119 125 126.25 120.5 112 111 110.25 106 109 106.25 86.25 68 65.75 69.5 73 81 95.25 106.25 113 123.75 131.25 
19.75 19 19 18.75 18 16.25 14.75 15.5 18 20.25 19.5 15.5 11 8.5 8.5 10.5 15.5 21.25 28.25 42.25 59.75 79 104.5 127 135.5 140 147 144.75 135 137 142.75 132.5 102.25 76 90.5 124.75 124.25 86.75 54.75 38.75 26.25 18.25 15.5 14.75 13.5 12.25 12.5 12.5 13.25 16.75 24.25 38.75 51 55.25 70.75 103.25 124 118.75 110 113.25 128.25 148 154.25 143 131 122 118.75 133.75 150.25 149.5 138.75 128.75 120.25 117.25 125.75 130.25 122.25 122 133.5 142.5 141 124 110 109.75 108.5 108.5 114.75 118 117.75 124.75 142 161.25 
