20.5 22.5 25.5 25.5 23.5 21.5 20 18.75 17.5 17.25 18 18.5 16.75 15 14.25 12.75 11.5 10.75 9.5 7.25 6.5 7.25 10.75 15.75 20.25 32.5 56.75 85 104.5 115.5 118 104.75 90 94.5 112.5 124.75 123.5 111.25 97.5 90.75 88.75 90.75 106 134.5 155 134 78.75 36.25 20 13.5 11 11 10.25 9.75 10 10.75 12.5 14.75 20.5 36.25 54 62 66 87.75 124.5 144 146.25 150 153.25 138.5 108.5 88.25 94.5 118.25 125 108.5 102.5 109.5 102.25 88.5 92.25 114.5 137 141.5 134.5 130 122.25 117.75 120.5 129.5 153.75 170.25 
25.5 26.5 26.25 24.5 22.75 21.75 22.5 23.25 21.25 19 18 15.25 13.25 14.25 16 17.5 17.75 17 16 15.5 14 12 9.75 7.25 7 8.25 10.25 13.5 20 29.5 45.5 65.25 79.75 95 113.25 125.5 127.5 120.75 106.5 100.75 108.25 107.5 103 108 122 141 155.5 151.25 116.25 67.25 35.5 22 15 11.5 10 9.5 8.75 8.75 10.5 16.25 28.75 42.75 44 31.75 25.5 38.75 71.75 111.75 131.25 128.25 125.5 122.25 115.5 114.75 106.75 84 77.75 108.75 143.5 140.75 114.25 108 127.75 141.25 141.75 142.75 135.25 122 104 85.25 80 84.75 
20.75 20.5 20.75 21.75 22.5 22 21 20.25 19.75 18.25 15.5 12.75 11.25 11.5 11.75 10.75 9.25 7.5 6.75 8.5 11.25 13.75 18.5 27.5 41.25 69.25 110.75 138.25 141.5 130.25 114 104.75 103.75 102.5 95 83.75 80.5 93.5 110.5 117 122 130 115.5 73.75 38.25 22.25 15.75 13 11 9.5 8 8 9 9.75 9.75 10.75 16.5 30.25 52.5 68.5 70.75 76.75 94.5 111 120.25 120 105.5 88.25 84.25 95 106 106.25 94.5 83.5 103.75 147 163.25 140 109 96.5 105.75 128.5 145.25 134.5 110.5 95.5 97.25 115.5 138.25 150 148.25 139.75 
22.75 24.75 26 26.5 25.25 22.5 18.5 14.75 13.5 13 11.75 11.75 14 15.5 14.5 12.75 12 11.25 10.25 11.25 13.5 13.75 11 8 7 7.75 9.5 11.5 15 23 38.25 56.25 73 90.75 107.25 119.5 129 132.25 129.25 127.75 131.25 133.25 125.25 117 129.25 151.25 158.75 149.25 121 76.75 39.5 23.5 18 14.75 12.25 11 10.5 10 10.75 13.25 18.25 26.75 36 37 30.5 30 47 79 102.75 105 99.5 100.5 100.5 92.25 90.25 98 102.75 101.75 99.75 91.75 76 72.25 84 87 79.75 79.5 86.75 94 95.25 88 78.25 73.5 
18 19.25 22.25 24.75 25 22.25 20.25 22 23 21.25 18.75 16.25 14.25 12.75 12 12.25 12 11.25 10.5 9 7.5 8 11.75 17.25 22.75 26.5 33 49.5 73.5 92 98.25 97.75 90.75 84 94.75 115 125 117 97.25 85.75 95.5 121.5 150.5 164.5 151.75 114.25 67 33.5 18.75 14.5 12.5 10.75 11 10.25 10.75 12.75 13 13.25 13.75 17.5 31.75 54 70.75 79 87.25 107 131.25 129.25 100.25 80.5 80 83.75 87.75 91.75 89 79.5 89.75 120 136.75 135.5 123.25 111.75 112.25 117.25 128.5 148 157 141.75 118 109.75 120.75 136 
26.25 25.5 24 22.75 22.75 23.25 21.75 18.75 17.25 16 14.75 15.5 17 17.5 17.75 18 17.75 16.75 15 13.25 12.25 10.75 8.75 7.75 9.5 12.5 15 22.25 40.5 67.25 92.5 111.25 115.5 107.5 98.25 85.75 76.25 74.25 71.75 69.75 79.75 100 113.75 117.75 126.25 135.5 117.75 74.25 38.75 23.75 17.75 14 12.5 12 11.5 11.5 11.25 12.5 16.75 21.75 26.25 30.25 32.5 34 40.25 53 70.5 93.5 110.25 106.75 96.25 92.75 95.75 96.75 86.75 82.25 93.25 102.25 93.25 76.25 75 86.5 91.5 85 84.25 96.25 95.75 75.5 67.25 81.25 94.25 100.5 
26.75 26.25 25.5 24.5 22.75 21.5 22.5 23.25 21.5 19.25 18.5 17.25 14.25 14 16 16.75 17.25 17 15.75 14.75 13.75 12.5 10.5 8.25 8.5 10.25 12.75 16.5 21.5 33 61.25 99 121.5 128.25 134.25 134.25 123.25 110.25 104.75 110.75 112.25 113.25 135 150 140.25 135.5 146.25 146.5 122 82.25 45 24.5 16.75 14 12.75 11.75 11 10 10.5 13.75 22.25 35.75 40.75 32.75 31.75 48.75 74.5 100 124 146.5 159.75 156.5 139.25 121.25 111.75 100.5 85.75 84.25 93.75 103.5 103.5 92.5 94.5 111 121 122.75 116 102 89.25 73.75 57 50.75 
24.5 27.5 27.25 25 22.75 21.5 20.25 17 14.25 13.5 13.25 12.25 13.75 15.25 14.75 15.5 14.75 12.75 12.25 12.75 12.75 11.25 8.5 7.5 8.5 9 11 16.75 28.75 51 84.25 123.5 157.5 174 173.75 169.5 161.5 141.75 124 120.75 117.5 104.75 96.5 106 138 176.25 189.5 164.75 113.75 62 30.5 18.75 14.25 12.25 11.5 11.5 10.5 9.75 13 19 24.5 28.25 31.5 31.75 33.25 48 70.5 87.75 100.75 115.5 125 121 106 86.5 74.5 75.25 78.25 78.5 74.5 70.5 78.5 94.75 109.25 121.75 133.5 138.25 131.5 122.25 112.75 104.25 103 95 
23.5 26.25 28 27 24.25 22.25 22.75 22.75 20 17.25 16 14.25 13.75 15.75 17.25 17 16.5 16.75 16.5 15.25 14.25 14 14 13 10.25 8.25 8.5 9.75 11.75 15.5 20.75 32.25 57.75 98.25 135.25 140.25 120.75 105.5 104.5 113.75 118.5 108.75 108.75 128.75 145.5 152.25 161 178.75 193.5 182 133.5 72.75 35.25 21.25 15 11.75 10 10 10 9.75 11.25 13.25 17.75 25.75 31 33.75 43 59.25 78 96.75 108.75 109 106.25 104 94.5 86 80.25 74 76.75 84.25 87 87.75 89 92.5 95.5 98.25 112 128.25 123.75 97.5 71.75 62.5 
14.25 17.25 19 16.25 12.5 10.25 8 7 10.25 13.75 13 10 7.75 7 7.75 9.5 13.25 25 50.25 68.25 65.75 65.5 82.25 109.25 128.5 127.75 123.5 127.5 127 131.5 144.5 133.5 112.75 122 147 158 160 144.25 94.5 48.75 27.75 17.25 13.25 11.75 10.25 9.5 9.25 11.5 13 14.75 25.25 37 36.25 33.75 45.75 62.25 71.75 74.25 74.75 81.5 92.5 109.5 123 114.75 110.25 133.75 150.5 136.25 116.75 105.5 99.75 99.25 99.5 91.25 76.25 84.5 107.25 110 102.75 98 89.5 90.25 105.75 123.75 138.5 153 149 128.5 127 133.5 118.75 105.75 
22.5 24.5 27 27.5 25.5 22.75 21.75 22.25 21.5 18.5 15.5 14.25 13 13.5 16.25 17.25 16.75 16.5 16.25 15.5 15 14 13 12 9.5 7.25 7.25 9 11.75 18.75 36.25 66.25 88.5 92.5 105 129.75 144.5 146.25 134.25 113.75 104.25 108 110.25 102.75 108 140.5 173 192.75 203 180.75 120.5 61.25 30.75 19.75 15 13.5 12.5 11.75 10.5 10.25 12.75 17 26 38 41.75 34.5 30.5 41.75 68.25 97.75 120.75 135.75 135.5 117.5 98.5 93.75 100.25 106.5 105.5 97.5 90.25 82.25 78 94.5 120.25 139.25 144.5 133.75 117.75 104 91.75 81.25 
24 22.5 22 22 23.25 24.5 24.5 23.75 22 20 18 16.5 16.5 17.5 18 17 15 13.75 13 11.75 9.75 8 7.5 8.5 11.5 13.75 20 38.75 66 95.5 130 150 135.75 107.5 90.25 94.25 115.5 130 122.25 116.5 122.75 129 138.25 152.5 173.25 182 155.75 103 54.75 29.75 18.5 13.75 12.5 12 11 10.25 11.5 12.5 16.75 27.75 39.25 45.5 43.75 41.75 52.75 83.5 132.5 165 152.75 124.25 114.75 119.5 115.25 94 71.75 64.5 67.25 70 71.75 76 80.5 90.25 111.25 126.25 118.75 104 94 88.5 96.75 120.25 138 131.75 
21.25 25 27.75 27 24 21.25 21.25 21.25 18 15 15 13.5 12.25 14.5 16.25 16 15.25 15 14.25 13 12.25 12 10.75 8.75 8 9.25 12.75 16.75 24.5 40.25 56.75 70.75 91.25 115.75 133.25 144.25 150.5 140.75 121.5 114.5 119.5 125.25 128.25 132 128.5 119.75 124.5 135.25 123 84.75 46.75 26.25 18 14.5 13 11 9.75 9.75 11 12.75 15.75 24.25 34 33.5 28.75 35.5 55.75 81 101.75 113.75 122 128.5 127.25 119.25 118.25 131.25 144.5 139.75 116.75 93 83.75 88 94.25 96.25 88.75 80.5 89.25 105.5 113.5 116.75 110.5 92.5 
21.5 21.25 22.5 22.75 20.75 18.75 17 15 12.75 11.25 11 10.75 9.75 8.75 7.25 6.75 9 12.5 17.25 21.25 26.5 38.75 65.5 98.75 116.75 114 97.75 81 79.75 92.5 104 100.75 83.5 72.5 80 96.75 114.75 138.25 151.75 126 74.75 37.25 20.75 15 13 10.75 9.5 8.75 8.75 10.25 11 13 16.25 20.75 39 63.75 70.25 63.75 63.5 70.25 79.5 91.75 101 99.75 96 113.5 146.5 155.75 129.25 96.75 93.75 116.5 130.25 119.75 94.25 77 79.5 89.75 103.5 121.75 135.25 138.5 132 113.75 103.5 119 133.5 120 103.75 113.25 125.5 121 
14.5 14.5 16.5 16 13.5 11 8.5 6.5 7.25 10 11.5 10 7.25 6.5 7.5 9.5 12.75 21 38.75 56.75 61 57 66.75 99.25 132.75 146.25 147.25 146.75 149 146.75 126.75 98.25 94.75 130 170.5 187.5 185.5 164.75 117.25 63.5 32.5 21 15.25 12.75 11.75 10.75 10.25 10.25 11.25 12 14 19.75 27 33 37.75 45.75 58.75 67 64.25 59.25 58.75 68 87.75 102.25 101.5 96.75 100 105.75 111.75 113.5 104.75 92.5 83.5 79.75 73.5 70.5 84.75 110 124 119 107.25 95.75 93 109 135.75 146.5 140.5 137.25 137.75 136.25 135.75 140.25 
23 21.25 20.25 22 24.75 26.75 27 25 22 18.75 15.25 12.5 12.25 12 11.25 13 15 15.25 14 12 10.75 10.25 9.75 9.75 9 7.5 7 7.75 10.25 14.5 21 36.75 63.75 86 100 118.75 136.75 133.25 111.5 91.75 82 83.75 98.25 120.25 139 152.5 160 163.75 176.25 189.75 178.75 127.25 65.25 32.25 20 15 13.75 13 11.5 10.75 12 14 21.75 34.25 38.25 33 30 31.75 38 57.25 85.25 92.25 72.25 51.75 41.75 43.5 54 62.25 67.25 73.5 79.25 86.25 97.75 106.5 111.75 113.5 114.25 121.5 123.75 108 84.5 72.5 
20.5 20.5 20.5 23 24.25 22.75 21 19.25 18 16 13 11.25 12 13.5 14.25 13.75 12 10.25 9 8.5 7.75 6.75 10 15.25 27 49.5 76.25 114.5 150.25 156.5 148.5 147.75 145.75 145.75 158.5 161.5 141.25 120.5 118 127.75 135 129.5 119.25 119 110.5 84.25 55 32.5 20.75 15.75 13.75 11.25 11 12.75 12.5 10.75 11.75 17.25 25.5 41 64.25 84 94.75 102.75 113.25 116 104.5 96.25 96 86.75 71.5 69 67.75 66.75 86.25 112.5 123 122.25 112.25 91.25 79 85.5 98.5 109.25 114 112.25 109.75 110.25 113 118.25 120 119.5 
22.25 19.75 17.25 15.75 14.25 12.5 11 11 11.25 10 8.75 8.75 10.75 16.75 29.5 47.25 68.75 90.75 102.25 105.75 107.75 110.5 119.25 125.5 125.5 129.75 132.5 125.75 117 117.25 128 140.25 146.25 143.25 136.5 120.75 80.75 40.25 21.75 15.75 13.25 10.75 9 8.5 9 10 12.5 19.5 37.75 64 86.75 102.5 112.25 114 116 130.25 144 142.5 141.25 150.75 153.25 141 127.5 112.25 94 92.25 111 135.5 162.5 179.5 163.5 132.75 111.5 95.75 84.5 76.5 83 107.5 116.5 103.75 99.5 103.75 106.25 114 140 162.25 146.75 125.5 127.25 121.25 97.25 88.25 
19.25 16 11 9 8.25 7.75 8.25 8.75 8.5 7.25 7.75 11.25 18 36.75 65.75 91 114.25 138.25 149 142 130.5 119.5 111.5 121.75 147.25 166.75 170.25 152.75 127.75 118.5 126.25 124.5 104.25 84 59 34.25 22.75 17.75 15.75 15 14.75 17.5 21.25 20.25 16.75 20.25 38 62.5 73 81 92 85.75 69.5 61 60.75 61.75 70.75 88.25 90.25 72 61.25 66.25 67.75 62.5 67 85.5 108.75 124 120 110.25 102.5 82.5 67 71.5 73.25 68 67.25 62.75 55.5 53.75 59.5 70.75 76.25 81.75 90.75 96.25 105.25 121.75 131 122.25 110.5 112.5 
20.75 19.75 17.75 17 17.75 18.75 18.25 15.25 10.75 8.25 8.5 9 8 7.25 8.25 11.75 23 49.75 74.75 86.5 107.5 136 158.75 157.75 127.5 113.5 130 154.75 165.25 151.5 131 118.75 125.75 140.75 132.25 100 71 58.25 50 35.25 21.25 15 13 10.5 10.25 11.5 11 12 15 18.5 24.75 44.5 81.75 117.75 130.25 118 94 74 71.25 83.75 99.5 108.25 111.5 103.5 75.75 58.75 71.75 94 106.25 110.25 105.25 94.75 83.25 79 80.75 70.25 63.25 79 104.25 124.5 134.25 119.5 95.75 89.25 93.25 97 95.25 88.5 79.25 74.75 92.5 117.5 
24.5 24.5 22.25 20.5 19.25 17.5 16.25 17 18.5 17.75 15 12.5 11 10.25 8.5 6.5 7 9.75 15.75 25.75 41.75 62.25 74.5 83 103.5 120.5 124 131.5 143.5 146.25 145.5 141.75 131 128.75 130.5 133.75 143.75 138.75 116 95.5 71.25 42.75 24.75 16.5 12.5 10.5 10 9.5 10.25 11.25 12.25 20 33.75 39 35 32.5 36.25 48.25 58.5 57 58 78.75 106.25 122.25 121.5 110.5 104.5 101.25 101.5 120.25 154.5 180.25 174.5 142.75 109.25 85.5 78.75 86 91.75 91.5 94 113.25 128 114.75 99.75 102.75 107.75 106.5 102.75 99 95 91.25 
21.25 22.5 21.75 18.75 17.25 16.5 13.75 10.75 9.25 9.5 9.5 8.25 7.75 8 12 23.25 41.5 66.75 92.5 108.75 111.5 106.25 104 111 124.5 134.75 135.25 133.5 126.25 109.25 91.5 80.25 92.75 126.25 131.25 90.75 47 25.5 18 14.25 11.75 11 11.5 9.5 8.5 9.5 10.75 13.5 18.5 29 42.5 51.25 57.25 65.25 69.75 75.25 97.5 122.75 124 120.5 129.5 133.75 121 96.25 74.75 62.75 57.5 63.75 85.75 103 95.25 89.5 101.75 109.75 104 100.75 104.25 109.25 129 145.25 128.5 97.25 82 81.75 84.25 81.25 78.5 86.75 91 93.5 104.75 103 
19.5 21 20.75 18.25 17.5 17.25 15.5 12.25 10 9.5 9.25 8.25 8 9.5 16.25 36 64.75 82.5 84.75 88 105.5 129.5 144.5 159.25 172.25 177 165.5 136.25 117.5 123.25 144 160.5 171 181.25 162.25 111 67.25 41.5 27 19.5 16.25 13.75 11 9.75 9 9.5 12 16.5 26.25 46.5 74.25 101.25 108.25 89.75 79.25 96.25 123 133.75 124 127.5 137.25 118.75 90 72.25 63.25 68.5 91.25 96.5 80 79.25 95 105.5 101 93 95.5 105.25 125.5 146.5 143.5 126 109 93 90.5 99.25 104 101.5 84 69 72 77.5 84.5 95.25 
23 21.5 19 20.75 24.5 26.5 26.5 24.75 22.5 19.75 16.5 14 13 12 11 12 13.5 14 13.25 11.5 9.75 9.25 9.25 8.5 7.5 7.5 9.5 13 20.75 38.5 65.75 99 134.75 161.75 173.75 179.5 184.75 188.25 186 180.5 179.5 180.5 172.5 150 128.75 133.25 157.25 172.75 161 122.25 76.25 41.25 23.5 16.75 13 10.75 9.5 10 12 13.25 15.75 20.75 26.25 36.25 51.5 67 83.75 100 107 105.25 99 90.5 89.75 90.75 81 77 88 99.25 99.75 94.5 94.5 107 131.5 145.5 130.75 106.75 105.25 126.25 142.5 142 130 113 
20.75 22 22.75 21 19 17.5 15.5 14 13.75 15 16.5 16.25 14.75 13 12 10.25 7.5 6.75 8 12 22.5 47 83 104.25 102.75 104 115 123.25 127 136 140.5 130 123 124.75 122.75 116.75 118.75 129 132.25 111.5 82 67.25 52 33.75 23.5 18.25 15.25 13.25 11.75 10.5 11 13 20.5 34.25 43.25 42.75 43.75 48.25 49 54 61.5 67 82 96.75 95.75 90.25 90.75 96 102.5 101.25 100.25 116.5 131.5 131 132.25 134 122.5 107 96.5 85 69.75 65.5 80.25 96.5 100 94.5 90.75 87.75 85.75 98 114.5 113 
20 20.25 21 19.5 16.75 15.25 14.25 12 10.5 11.25 11.75 10 8.25 7.25 9.25 14.5 24.25 43.75 63.25 72.75 85.75 111 120 105 101.25 112.25 114.5 107.75 104.25 105.25 98.5 98.5 111.25 118.25 115.5 93 65 50.5 40.75 29.25 19.5 15.25 13 11 9.75 9 9.25 11.75 15 24 44.5 57 49 43.5 50.5 56.75 66.25 79.25 82 84 98.25 116.75 124 118.25 112.5 105 99.5 113.5 121.75 109.5 111.75 120.75 113.5 101.25 107 132.75 142.5 126.25 111.5 117 123 106.25 85.5 92.25 116.5 114.25 88.25 75.25 86 104.5 114.5 107.75 
22.25 19.25 18 16.5 15 16.25 17.5 15.75 12.5 11.5 12.25 11 8.75 8 7.5 9.5 16.75 32.5 56.75 74 84.5 105.25 135.25 154.5 157.5 158.5 161.75 154.25 141.5 132.75 126.75 127 122.75 127.5 149.25 158 146 135.75 113 66.75 32.75 21.5 17.25 13.25 11 10.25 11.25 14 17.5 25 36.25 43.75 41.25 39.25 42 47.25 55.25 61.25 76.25 111.25 132.25 122 112.25 117.75 133.75 134 108.5 95.5 109.25 125 136 140.5 130.25 105.75 85.5 83.5 84.25 81.75 93.75 114.25 115.75 94.5 81.5 93.25 114.75 121 107.75 99.75 104.75 116.25 126 120.75 
19.25 21.5 21 18.25 16 15 14 11.75 10.25 10.5 10.25 8 6 7.25 13.25 29.25 56 71 78.75 110 152.75 176.75 171.5 161 159.75 157 151 133.75 105.5 93.5 102.5 103.5 105.25 109.5 99.75 93.5 77.5 44.25 24 19 16.5 13.5 11.75 9.75 9.25 10.25 11.25 16 32 66 85.75 68 44.25 37.25 42.5 52.5 62.5 73 90.5 111.75 114.5 104.5 100.75 102.25 106 108.75 114 123.75 128.75 114.5 93 82.75 80.5 89.25 109.25 112.25 92 83.25 102.75 122.5 109.75 95 111 126 108.25 89 107.5 129.25 117.25 103 99.5 83.5 
20 19.5 18.5 16.75 16 16.5 15.75 13 11.5 11.25 9.5 8 7.75 8.5 15.75 34.75 62.75 80.5 84 89.25 101.5 112.75 117.25 124.5 131.5 130.75 124 113 106 110.25 124.5 144.5 157 156.5 131 91.75 69.75 51 30 18.75 14.25 11.75 10 9.5 9.25 9.25 12 15.75 25.5 43.25 53.25 49 57 83.75 101 106 110.25 114.5 121.75 124 120.75 126 125 103 76.25 63.5 66.75 85.75 121.25 146.25 136 115 109.75 108.75 104 99 97.75 104.75 121.75 133.75 120 102 105.25 113 108.75 122.75 144.75 131.5 109.25 112.75 121 107.75 
18.5 21.75 23.25 20.75 17.5 15 13.75 11.75 10.25 11 11.5 9.5 7.5 7.75 12.25 25.5 52.5 86.75 110.75 108.5 103.25 121 132.75 125.25 119.5 117.25 113.75 113.5 115 116.75 127.25 133 132.25 139 126.75 101.75 94.25 76 42 22.75 16.75 15.5 14 11.75 10 9.5 11.75 13.25 13.75 21.75 36.5 44.75 44.5 51.25 66.75 86.5 115.25 148.5 169.75 162 136.5 121.75 113.75 98.5 84.25 80.75 80.5 81.5 90 94 87.5 83 81 77.25 85.25 102 104 95.5 92.75 107.5 116.75 95 76 75.5 75 76.5 93.25 117.25 125.5 114 109 102.75 
20 19.25 17.5 16.75 16.75 17 15.75 12.25 11 10.75 8.5 7.25 7.25 7.75 14.25 27 46.75 66.75 84 100.5 109.75 115.25 121.75 135.25 156 157.5 132 110 109.5 114.25 115 124.5 127.75 127.25 135.25 109.5 57.25 28.75 20 15.25 12 11 11 10.25 10.25 11.5 15.75 19 26.25 47 61.5 56 48 49 55.25 67.5 82.75 93.75 95.25 95.75 97.25 83.5 69.75 77.75 99 106.5 95.25 99.75 128.75 144.25 135 119 100.75 83.5 73.25 65.75 64.5 78.25 94.25 104.75 118.25 126.25 113 91.25 83.25 101 121 119 123 130 108.75 88.75 
21 19.25 18.75 17.25 15.5 15.75 17 16.25 13.75 12.5 12.25 10.5 8.25 7.25 8 12.75 22.25 39.25 62.5 77 89.5 108.5 128.75 148.75 151.75 137 123 119.25 131.5 142.5 135.75 130 127.75 122 124.75 134 124.25 92.25 57.75 32 19 15 12.5 10 9.75 10 10.75 13.75 16 21.75 47.25 85.5 97.5 84 71.25 64 64.25 66.25 72.75 86 112.25 149 151 116.5 96.5 102.5 112.25 108 96.75 95.5 94 86.25 78 69.75 69.5 71.25 68 69 82.5 94.75 100.25 115.5 127.5 122.75 105 86.75 92.25 105 94.75 81.5 85 94.75 
21.75 20.75 19.25 16.5 15 16.5 18.5 17.25 14.25 13 12.5 10.75 8.75 8.25 10.5 13.5 14 18 35 56.75 73.75 97.75 125.75 133.25 120.75 113.25 115.75 119.75 115.75 109.75 104.25 91 77 70 74.75 93.25 120 120.75 79.25 40.5 24.75 16.25 13 11.75 10.5 9.75 10.75 14 16 17.25 22 26 31.25 46.25 75 104.5 111 106 117 136 136.25 122.75 108 92 88 98.5 114.5 125.25 120.5 107 88.5 71 77.5 98.75 104.25 107.75 113.75 112 116 112.75 95 99.5 124 139.75 149.5 150.25 151.25 150.25 133.5 116.75 103 103.75 
25 23 21.75 22 22.25 20.75 18.25 16.25 14.75 13.25 13.5 15.75 16.75 16.25 16 15.5 14.75 14 12.25 9.75 7.75 7.75 10 12.75 17 23.75 33.5 48.5 63.5 79.25 102.25 124.75 134 131 125.75 118.75 106.5 94 83.25 73.75 74.75 88.5 107 127.75 144.25 128.25 80 39 22 16.5 12.75 12 12 13.25 14 12.25 14.25 19.75 24.25 28.75 43.25 68.25 88 90.5 84.5 85 94.25 112 133 140 126.75 109.75 107.5 119.25 127 123.25 115.5 108.5 100 97.5 101.5 103.75 109.75 114.75 114.25 119.5 123.75 111 93.5 95 120.75 160 
23.75 21 19.75 20.75 21.5 19.5 16.25 14.5 13.5 11.75 10.25 10.5 10.25 8 8 11.5 15 17.75 21 28 44.5 71 88 92.5 102.25 124.5 152.25 166.25 156.75 129.75 105 95.5 92.5 84.5 80.75 99.5 137.75 168.5 154.25 99.75 50 27.5 19.5 15 14 12.75 12.25 15 18.75 17.75 14.75 16.5 29 55.25 77.25 81 86.5 110.25 139 154.75 150.25 135.75 114 84 66 62.75 63 71.75 100 133.75 145 137.25 133.75 132 127 129 130.75 127 131.75 140 133.25 125 140.75 173.25 198.5 202.5 187 176 167.75 149 134.75 147.25 
20.5 23 25 25.75 25 22.25 18.5 15 13.5 13 12 12 14 15 14 12.75 11 9.5 9 9.25 8.5 7.25 7.25 7.75 9.75 13.25 16.75 23.5 34.75 52.5 72.5 84.75 96.25 112 127 141.5 153.5 149 125 103 95 89.5 84.75 103.25 137.5 142 104.25 57.25 30 19.25 14.5 12.75 11.5 11.25 10.5 9.5 10 10.75 16 29.25 42.75 50.5 65.75 96.25 118.5 118 120.25 144.25 163 155 139 128.5 118.5 113.75 119.25 127.5 129 124.75 115.75 100.75 96.5 106.5 112.25 115.75 120.25 106.5 87.5 89.75 95 92.25 99.25 112.75 
22.5 20.75 18.25 16.5 16.75 18.75 20 18.75 16.75 15.75 14.75 12.75 11.5 10.5 9.25 11.25 14.25 17.25 19.5 24.25 43 70 87.75 95.25 93.75 91.5 98.25 103.25 98 91.5 95.25 97 91.75 89 82.5 77 85.75 91.5 91.75 82.75 52.5 27.25 17.75 14 12.25 11.25 10.25 8.75 8 8 9 12 15 19.75 31.25 50 68.75 75.5 72.25 71.5 80.5 102.25 130.25 147.75 133.5 101.75 87.5 84.5 79.25 83.75 104.75 119.25 104.25 77.5 70.75 85 105.75 112.75 106.5 104.25 112.75 122.75 113.5 110.25 132 132.25 112.75 115 122.75 114.75 108.25 112.75 
23.25 21 20.75 20 17 15 14 12.25 12.25 14.5 15.75 14.75 14.5 14.5 13.25 12 11.25 10.25 8.25 7 8.5 12.25 16.5 22 32 52 78.5 92.5 87.5 84.5 96.5 108.25 104.25 89.25 75.25 69 69 72.5 76.5 78.25 85 107.5 136 130.75 87.5 46 26.5 18.5 13.25 12 10.75 9 9.25 10.25 12.5 19.25 27 29.5 33 45.5 70.25 100 119.5 131.75 145.25 144.5 122.75 104 96.25 89.25 94 121.75 141.25 131.75 117.75 109.25 97.5 96.5 106.5 107.75 100 96.5 95 90.5 97.25 108.25 102.25 87.75 92.5 119 146 162 
22.5 23 22.5 20.75 19.75 19.5 17.25 13.5 10.75 10.75 11.5 10.25 8.75 8 9 12.25 18 28 37.5 44 54 84.25 117.25 128.75 135.25 142.75 146.75 146.25 137.5 127 124.5 112.25 94.25 115.75 191.5 247.25 254.25 224.25 140 65.75 36 23.25 17.5 14.25 12.75 13.25 15.75 17.5 17.75 17.5 18.75 26.75 48 73.75 79.25 83.75 103.25 104.5 93.5 101.25 123.5 128.75 106.75 90.5 92.5 98.75 92.5 82.25 100.75 132.75 142 132.5 125.5 126.75 125.5 131.25 141.5 133.75 126.5 138.5 144.25 137.75 147.5 172 179 166 171 187.25 180.25 148.5 138.25 171.75 
24.25 21.75 20.25 20.25 19.75 18.25 17.25 16.75 15 12.25 11 11.5 11 8.5 6.5 6.5 8.5 11.25 16.25 28.25 46.75 66 79.25 91.25 102.25 106.75 108.75 108.75 106.75 106.75 104.75 98.75 92.75 82.5 74.5 77.25 95.25 123.25 122.5 83 45 25.25 16.5 14 12.5 11.25 11 11.75 16.75 22 19.75 18.25 29.5 62.5 96 102.75 103 115.75 137 149.25 141.5 130.5 126.5 120 107.5 100.25 101.5 102.5 112.5 132.75 144.5 137 116.25 117 145.5 162.5 153.75 141.25 145.25 155.25 151 134.25 114 99.5 101.25 117.75 127 122 117.75 111.75 97 88.5 
26 28.25 27 23.5 20.5 18.75 16.75 14.5 12.75 11.5 11.5 13.75 15.25 14.75 13.75 12.25 10.5 9.75 10 8.75 7.5 8.75 10.5 13 17.25 27 51.75 82 93.25 92.5 106.75 134 148.75 145.5 136.5 123.75 114.75 110.5 103.75 94.75 85.25 81.25 94.75 128.5 148.75 121.75 72 39.25 24.25 16.5 13.25 11.5 11 11.25 10.5 9.5 11.25 20.25 33.5 42 43 48.5 67.75 88.5 104.5 123.5 134.75 126 112.75 114.5 120.75 110.5 98.75 108.25 122 121 115.75 110.75 97 89.75 98 108.75 128.5 150.5 139.5 108 97 92.75 74.75 65.75 73 82.5 
22.75 20.25 18.25 15.5 13.25 12.75 12.25 12 13.75 14.75 13.5 13 12.5 11 9.75 9.25 9.25 8 7.5 10 15.25 18.75 21.75 29.5 47 72 95.25 119.5 147 169.75 179.25 179 167.5 149 138.5 130 115.25 93.75 79.75 86.5 115.25 143 121.75 69.5 35.75 21.25 15.5 14 12.25 11 10.5 10.5 11 11.75 16.75 26.25 32 30.75 34.5 61.5 101.25 128.75 141.75 145.75 138.5 122.25 111.75 105 93.75 93.5 107 116.5 116.25 113.5 110.5 101.5 100.5 118.5 136.5 137 128.75 124.25 122.25 125.25 124.25 107.5 90 79.25 77.75 101.25 140.5 173 
21.25 19 17.25 16.5 17.25 18.25 18 16 13.5 12.5 12.25 11 9.25 9.5 14.25 19 20.5 23.25 30.25 44 67.75 96 124 147.25 160 167.25 175.75 167.75 133 110.25 116 137.5 172.25 189.5 181.25 172.75 142.75 83.5 42.5 28 19 15.5 13.75 13 14 13.5 14 16.75 17.75 16 16.5 24.75 44.5 66.75 80.75 98.75 107 99.75 94.5 98.25 106.5 102.5 101.25 117.25 119.25 98.25 86.5 91.5 97.5 97.5 90.5 83.5 90.25 99.5 105.75 113.25 107.75 101.5 111.5 117.75 109.5 98.75 108 135 148 142.25 137.75 130.75 111.5 100.25 111.5 138.25 
23.75 21 20.5 19.5 17 14.75 13 12.25 13.25 14.75 15.5 15 14.75 14.5 13.25 12.25 11.5 10 8.75 9.5 13 16.75 21.5 27.5 39.25 69.25 111 144.25 163.25 166 155.75 153.25 154 147.25 154 170.75 167.25 144 129 138 144 128.25 111 95.5 68.25 39.25 23.5 17.5 16.25 14.25 12 11.75 11.5 11.5 15.75 28 39 40.75 41.5 59.5 101.5 140.5 154.75 160.25 167.5 158.75 137.75 127.25 119.5 109 115.5 139.25 155 153 147.75 140.25 121.25 114.25 129.75 139.75 134.25 118.25 101.75 99.25 111 125.25 124.5 108 94.25 96.75 113.25 123 
20 16.75 13.25 12.5 12.75 11.25 11.25 14 15 13.75 12.75 11.75 11.25 11.25 11 11 9.75 7.5 8 11.75 15 19 28.25 42.5 62.25 87.25 105.25 107 106.25 116 119.75 108.5 95.5 87.75 81.25 79 74 59.75 62 96 138.5 152.5 117.25 63.5 32.75 21.25 15.75 13.75 13.75 12.75 11.75 11.25 12.25 17.5 27.75 42.25 47.75 45.75 63.75 91.75 94.5 81.5 85.5 91 81.75 79 93 107 101.5 99.5 116 128.5 124.25 106 81.25 74 92.75 108.75 111.5 110.5 106.75 107 125.75 149.25 146.5 123.25 105.5 95.25 89.25 87.75 90.75 98.5 
21.25 19.25 21.25 21.5 18.5 16.75 16 14 11.75 11.25 11.25 10 8 7.5 7.75 8.75 11.25 14.5 26.75 51.25 78.5 88 79.25 74.5 72.75 78.25 106.5 133.5 129.25 111.5 97.5 87.5 91.75 100.75 105.5 129.75 156.25 135 83.5 46.75 29 19.5 15.25 13.5 11.75 10.75 10.25 12.75 17.75 17 15 22.25 44 66.5 72.75 80.25 102.25 124.25 135 140.25 134.75 120.75 112.75 107 113 129.5 139 158.75 189 192.25 163 124.25 104.5 118 129.5 128.25 135.25 141.25 152.75 186.25 211.25 201 181.25 179.5 175.25 162.25 162 162 153.75 140.75 122.5 120 
