23.25 24.25 25.25 24.5 22 20.75 20.75 20 18.5 17.25 17.25 17.75 15.5 12.25 11 11.25 12.5 12.25 10 7.25 6 8.5 11.5 13.75 19.5 29.25 49.25 81 117.25 148.75 167 158 128.5 105 94 86.5 79.25 70.5 57 63.25 93.25 107.5 82.75 47.25 27.5 18.75 15.5 14.5 13.5 11.75 11 11 10 12.25 19 21.25 18 16.25 20.25 30.75 43.75 57.5 65 65 66 74.25 98 126.5 124 101 103 116.75 109.75 85.25 69.5 80 98.5 100.75 96 101 109.25 114.75 128.75 150.25 159.25 162.25 159 142.75 134.5 129.75 117.25 108.25 
23.5 22.5 20.5 17.5 15.5 15.5 18 21.75 23.5 22.75 20.75 17.5 15.25 15.5 16.75 17 15 11.5 9 9 10.25 11 10 8.5 7.75 7.75 9 11.75 16.5 23 42.25 87.75 142 169.5 165.5 152 139.75 131.5 126.5 117 94.75 64.75 55.25 81 108.5 101 65.5 35 22 19 16.25 13.25 12.25 10.75 10 9.75 10.75 12.5 15.25 18.75 22.25 24.75 32.5 48.25 60.5 69.75 79.75 78 74.75 92 100.25 80.25 64.75 69.5 86 100 97.25 81 76 102 128.25 119 94.25 90.5 114.25 134.25 139 141.5 131 101 89.5 119.75 
24.5 19.75 15.5 13.75 14.75 16.75 17.5 17.25 16.75 16.5 15.75 13.75 11 10 10.5 9.75 8.5 8 8.5 10 12.5 14 15.75 29 54.25 76 91.25 103.75 110.25 113 115.75 123.25 134 124.75 97.5 75.5 64.25 69.25 86.75 94.5 84.25 66.75 51 35.75 23 16.75 12.5 10.25 10 9.75 9.5 9.5 9.75 11.25 12.5 14.25 22 33.5 44.75 69.75 94.5 94.25 100.25 122.25 126 106.75 90.25 94 117.5 138 124 95.75 97.5 119 125.5 126 135 136 122.5 107.75 100.5 111.75 137.75 149 140.5 118.5 86.75 70.5 80 96.25 106.25 103 
21 19.5 19 18.75 17.5 16.25 16.25 17.25 19.25 21.5 22.25 20.75 17.25 14.25 12.5 12.25 14.75 15 12.25 11.75 13 12.75 11 8.5 7 7.75 10.75 15.5 24 31.5 32.75 41.25 65.25 98.25 118.75 113.75 105.75 106.75 102.25 94 88.25 71.5 49 42.75 61 83.25 74 45.5 30.5 23.5 18.25 15.25 13 11.75 10.25 10.25 10.25 10.75 12.5 13 12.75 16.25 26.25 51.25 82 91.25 86.5 86.5 78.75 74 82 77.5 72.25 76.5 73.75 72.5 84.25 88.75 74 69.5 92.25 112.75 112.25 104.5 101.25 108.75 118.5 118.25 108 91.5 81 83.25 
26.25 26.75 26.25 24.25 20.75 18 18 19.75 20.25 17.75 15 14.5 15.75 15.25 13.5 13.25 13.25 12.25 10.25 7.75 6.5 7.25 7.5 10 14 18.25 35 72.75 114 136 140.25 139.75 135.75 132.5 133 125.75 107.5 84.5 65.25 55.5 64.25 75.5 62.5 41.25 29.75 25 21.75 18 15 12.25 10.25 9.75 11 11.25 10.25 10.75 15.25 20.5 21.5 25.25 34 42.25 52.75 66 81.25 98.75 110.75 114.5 119 115.75 98.25 93.25 95 77 63.75 85.25 127 142.75 131.5 125.75 128.5 126.75 111.5 110 129.75 147.75 155.75 153.75 149.75 125 87.25 75.75 
21 18 16.25 16.25 17 20.5 23.75 23.25 22 20 17.25 16.25 17 17.25 16.25 13.75 10.25 8.75 10.5 12.75 12.75 11 8.5 6.5 8.5 14 19.5 27.25 45.75 63.25 70 84 101.5 108 109 108.75 100.75 86.5 78.25 74.25 65.25 66 97.5 134 120.5 69.75 39.25 34 29.5 20.25 14.5 13.25 12.25 10.5 9.25 9.25 10 11.75 13.25 13.25 14.75 23.5 41.75 64.5 89 112 110 88 90 100.25 96 95.5 94.25 105 124.5 118.75 99 91.75 99 107.75 111.5 116 117.25 123.25 128.25 121.75 103.5 88.5 102.25 114.5 108 110 
23.5 23.25 22.5 19.5 16.75 16 17.5 20.75 23 23 21.25 18.75 16 15 15.5 16 16 13.5 10 8.25 9 10.25 9.5 7.25 6.25 8.25 11.5 14 20.5 32.75 46.5 85.75 146 174.25 171.25 164.25 165.5 175.75 175.75 150.75 109.25 71.5 57 76.5 104.25 117 114.5 109.75 103.5 81 51.75 29.75 18 13.5 11.75 11.25 11.5 11.5 12.75 15.75 17.75 17.5 20 31.25 53.75 86.25 111 108 90.5 90 97.5 102.5 109.25 100.5 98.75 121.5 119.5 91 85.25 109.25 131.5 131 136.75 150.25 148 140 126.5 113.75 98.75 89.75 106.5 124 
20.5 19 17 15.75 16 16.75 19.5 22.75 24 24.25 22 19.25 18.25 18.25 17.5 15.5 13.75 12 10.5 11 12.25 11.5 9.25 6.75 6.75 9.5 14.75 26.75 47.5 57.5 50.75 57.5 92 128.25 138 139.25 150.75 156.25 149.75 135.25 105.25 69.5 66.25 102.75 140.75 151.25 143.75 123.75 87 52.75 32.5 22.5 16.5 12.5 10.25 8.5 8.5 9.75 11 11.75 14.75 18.25 24.25 34.5 41 48.75 61.75 68.5 69.5 74.75 73.75 70.25 80.25 93 104 114.5 108 91.25 90.25 112.5 134.75 127 105 99.5 103 104.25 108 113 111.5 104 112.5 143.25 
22.5 21.5 19.25 16 15 16.5 19.5 23 24.5 24.5 23.5 20.75 18.5 18.25 18.5 17.75 15.25 12 10.25 10.5 12.5 14.25 13.25 10.5 8 6.5 6.5 7.75 10.75 16.25 28 41.5 61 94.25 118.25 130.5 148.5 167.75 175.75 165.75 140.25 108.5 74.25 46.75 43 67.75 87 71.25 50 36.5 25 23 21 15.25 12.5 10.5 8.5 8.75 9 8.75 10.5 12.75 14 18 32.25 56 79.75 100.75 106.5 87.25 78 90 106.75 122.75 122 113 108.25 110.5 118.5 109 94.75 111.75 137.75 128.25 112.5 124.5 132.25 118.75 110.75 136.75 168 163.5 
17.5 18 17.5 17.5 18.25 17.5 14.25 10.25 8.25 8.75 9.75 9.25 8 7 7.5 8.75 12.75 24.75 41.75 59.25 97.5 143 154.5 139.75 123 116.25 124.5 132.5 114.75 92.25 83.5 72 56 43.25 40.75 57.75 85 85.25 55.75 30.25 20 15.25 11.5 10.25 10 10 10 11.5 15 17.25 23.5 39.5 46.5 43 52 71 81 77.25 79 103.5 129.5 134.25 127.5 117 104.75 100.25 125.25 154.75 151.75 133.75 128.25 134.5 123.5 97 79 73.75 74.25 71.5 68 71.75 86.75 118.25 135.75 118 85.5 65.25 68 82.5 97 105 107.75 109.5 
23.75 22.75 20.25 17.25 15.25 15.75 17.5 20.25 23.5 24.25 24.5 24 20.5 17.5 17.75 18.5 17 14 11.75 9.75 10.25 13.25 14.5 12.5 9 7 7 9 12.25 18.25 25.75 32.5 45.75 77.25 118 140 138 125 118.75 122.25 122.5 124 121.25 92.75 69.25 94.5 134.25 135 117.5 96.25 57 27.25 17 12.5 10 8.5 8 8 8.25 9.5 12.25 17.25 20.75 22.25 31 50.25 70.25 90.75 117 122.5 108 109.75 118.25 123.75 123.75 107.5 104.5 121.75 126 113 97.75 96.75 121.5 146.75 158.25 171.25 172.75 162 146 127.5 129.75 144.75 
24.75 21.75 19.5 19.75 22.25 24 23.25 21.5 19.5 18.25 18 17.5 16.5 17.25 17.5 14.25 11.25 10.25 10.5 11.5 11 8.75 7.5 8.25 10.75 13.75 17.5 26.5 52.5 89.5 116.75 138 148.25 152.5 161.5 160.25 147 126.25 105.25 97.25 87.75 63.5 50.75 55.5 54 43.75 32.5 21 13.75 11.75 11 11.75 12 10 9 9.25 9.75 9.5 10.5 14.75 31.5 58.5 69.75 73.75 87 98.75 95.25 79.75 74.25 85 112 131 126.75 117.5 107.75 97.75 91.75 96 99.5 89 78.25 84.25 90.25 81.75 74.5 75 73.75 78 92.5 92.25 86.75 96.25 
22 20.75 19.25 16.75 15.25 15 16 19 22.5 24.5 24.25 22.5 19.5 17.75 18.25 18 16.25 13.75 11.5 10 11 12.25 11 9 7.5 7 9 13.75 18 25 40.5 53 65.5 101.75 142 152 145.5 142.25 138 128.75 119.25 102.25 77.5 62.5 69 94.5 103.5 73.75 50.25 49.25 38.75 25.5 19 15 12.5 10.5 10 9.5 9.25 11.5 14.75 18.75 26.25 40.5 65 83.25 76.75 62.5 61.75 77 102.75 116 108.5 92.75 81.75 86.75 98.25 100.75 99 96 96 110 122.5 124.25 122.25 128 139.5 136.25 118.75 98.5 85.75 93 
17.5 15.75 16.25 17.5 17.75 16.25 14.5 14.25 14.25 13 11.5 11 11 9.5 7.5 6.5 7 9.25 12.25 18 34.25 64 90.25 107.25 124.5 136 138.25 135 129 114.25 91.25 69.75 57.75 61 81.75 113 131.25 119.5 86.5 59 46.25 36.5 25.25 16.5 12.5 11.75 11.75 12 11.25 11.75 14.75 17 19 27.25 40 50.25 56.25 56.75 62 81.5 104 110.75 110.25 120.5 126.25 122.75 114 90.25 73.5 84.25 102.75 119.5 138.75 133 104 105.75 122.5 116.25 116.5 132.5 140.5 137 129.75 116 98.75 92.5 88.25 76 69.5 72.75 78.75 75.5 
17.75 19 19 19.25 20 19.75 17 12.25 8.25 7.75 8.5 8.25 8.25 7.5 7.75 9 12 23 39.25 55.75 77.5 103 115.25 122.25 133.5 141.5 146.75 144.25 130.5 109.5 86.75 69.25 63.25 80.75 118.25 126.25 86 47.25 32 22 15 12.5 10.75 9.75 10.75 12.75 13.25 12.5 12.25 14 20.5 32.25 42.75 46.75 46.75 54.75 65.75 64.5 65 70.75 82.25 104 116 118.25 113 97 88.5 93.25 97.5 98.75 114.5 145 161 151.25 139 142 149 144.5 130.5 111 101.5 112.75 123.25 115.25 95.5 79.75 68.75 56.75 53.5 65.25 81.5 98.75 
27.5 27 24.75 21.5 19.5 18.5 17 15.25 14.5 15.25 17.5 20 21.75 22.25 20.75 18.5 16.75 15 13.5 13.5 13.5 12.25 11.5 11.75 10.5 7.25 5.75 7.25 10 12.5 17.5 26 39.25 69 118.25 155 153 139.25 133.25 125.5 128.25 140.75 137.5 109 74.75 60.5 57 46.5 33.75 26 19.25 15 15 14 11.75 10 9.5 9.5 9.25 8.5 8.25 9.5 11.5 15.5 27.5 46 67 94.5 119.25 115.5 90.75 83.5 93.25 103.5 110.25 103 106 134.5 153.5 140 116.75 114.75 115 104.75 98.75 104.75 123.75 141.5 136 112.25 97.75 94.75 
26.25 24 22.5 21 21.25 21.75 19.75 19 20.5 21.25 20.5 20.25 18.25 14.5 11 8.25 8.25 9.5 10 9.5 8 6.5 7.25 8.75 14.25 37.5 71.5 89.75 100 108.75 93.75 65.5 52.75 70.5 108.75 134.5 137 142.25 147.5 115.25 67.75 43.25 40.25 61.75 102 115.25 85 51.5 31.25 19.25 13.25 10.5 10 9.75 10.5 15.5 25.5 41.75 67.5 97.25 108 98.5 88.25 79.5 77.25 81.25 80.25 84.75 91.5 80.5 72.5 87.75 103.25 105.5 121.5 150.25 146.25 111.5 90.5 97 118 138.75 138 115.5 95 77.5 71.5 79.25 80.5 70.75 61.25 61.5 
20 19.5 17.25 15.25 14.5 14 12.25 10.25 9.5 9 7.75 6.5 8.25 12.75 24.5 60 110 143 154.25 154 153.75 156 150.75 142 140 136.5 124.25 107.75 94.5 91.5 92.75 83.75 72.75 82.5 93.75 83 60.75 39.75 24.5 15.75 11.75 10.5 10 10.25 10.5 11 14.25 20.25 31.5 54.5 79.75 84 90 110.5 111.75 101.75 102 111.75 121.5 112.5 91 83.5 106.5 146.75 160.5 129.5 86.5 68.25 75.25 86.75 88.5 93.5 109 109 100 111 121 106.25 85 80 98.25 116 117.75 120 125.25 135.5 140.75 115 77.75 64 75.25 89 
23.25 21.25 19.75 19 17.25 13.75 10.75 8.75 8 7.5 7.5 9 12.5 21 49.5 101.75 150.25 175.75 177 157.25 133.75 126 123.25 129.75 141.5 138.75 126.5 107.75 89.75 66 42.5 36.5 55.75 80 71.5 45 29.25 21.75 17 14.25 11.75 13 18 20 18 19.5 27.75 35.25 41 51 56.75 51 53.25 71.75 89.5 100 111.75 111.75 93.25 76.5 71.25 76.5 82 80.5 78.5 78.75 77.75 81 86 83.75 80 76.75 76.5 88.5 102.25 106 101.25 88 77 73.25 63 58.25 72.5 78.75 71.25 64.75 60 71.25 95.25 102.25 88 70.5 
16.5 15.5 14.75 15.5 16.5 15.75 15.25 16.25 15.75 12.5 10 9.25 8 7 7.25 9.25 12.5 20.25 50.75 104.5 140.75 144.5 143.25 152.25 163.5 170.5 174 168.75 150.5 140 136 113.25 87.5 76 67.25 72.25 105.25 127.5 105.5 62.5 35 23 15.75 12.25 10.5 10.5 10.75 10.75 14 19.75 26.5 38.5 62.5 80.75 75.25 70.5 83 93.25 89 87 103.25 119 108.25 84 69.5 64.75 67 71.75 78.5 91.75 92.75 75.25 60.75 53.5 54.75 73.25 89.25 90.5 96.75 109.25 115.75 118.5 118.75 105 103.25 122.75 125 108.5 98.25 96.75 86 65.75 
25 23 20.5 20 20.5 19.75 18 16.75 17 16.75 14 10.75 9.5 9.25 8 7.25 7.5 9.25 13.75 28 66.75 119.25 154.75 159.75 149.25 136.25 126.5 133 144.5 146.25 135.75 116.75 96.75 79.5 70 64 52 45.25 61.5 73.25 66 58 43.25 24.75 15.5 12 10 9.5 11 13.5 18 29.75 45.25 51.75 55.5 62.25 67.5 80.75 95.25 95 93.75 101.5 113.25 130.5 138.75 132.25 130.25 129.25 119.75 101.5 77.75 66.25 78 92.5 90 82 83.75 102.5 123.5 129 125.75 126.25 134 141.25 149.25 149.25 125 109.5 124.25 142.75 151 140.25 
14.25 15.5 16.75 16.75 15 14.5 15.5 14.5 12.25 10.5 9.5 8.5 7.25 7.75 11 17.5 40.25 88 135 155.5 157 157.25 174.5 201.75 202.5 178 150 128 114.25 99.25 89.75 90 79.25 67.75 79.5 87 72.5 56.25 45.75 34.25 21.75 14.5 11.5 9.25 9.25 10.25 10.5 12 17.75 27.75 41.75 57.5 59.5 59 80.75 113.25 138 138 122 121.25 128 120.75 99.5 78.25 84.25 118.5 136.75 119.75 92 78 78 74 67 74.5 97.25 109.25 101.5 109.25 134.5 135.25 124.5 141 161.5 143 103 90 103 118.75 120.25 106.75 97 93.75 
13.25 13.75 15.5 17.25 16 13.75 13.5 13.5 12.75 11.25 9.75 8.25 7.75 8.25 11.25 19.75 45 93.75 138.25 153.25 154 162.75 175 165.75 145 141.75 141.25 124.5 106.5 98.75 86.5 65.5 60 90.75 135.25 141.5 107 67.5 39 23.75 16 13 11.25 9.25 9.5 10.25 15.5 29 42 46.75 48.5 53 68 91 105.75 105.5 104.75 116.75 123.75 110.75 86.5 68 67.75 84 101 104.5 102.25 100 92.75 87 89.25 96.75 96.25 83.5 78.25 91 103.25 99.5 88.75 89 91 80.25 83.5 98.75 99.75 97.5 98.25 87 67.25 57.5 63.5 76.75 
27 26.25 24.5 22.5 20.75 19.25 17.75 16.5 15.5 15.75 17.75 19.5 21 20.75 19.25 18.5 16.75 14.25 13 13 12.5 12 11 9.25 8.25 8 9.5 13.75 24 52 99.5 150.5 181.5 186.5 174.5 154 148.75 164.25 181.25 184.25 168 148.25 147.25 145.25 113 70 61.25 102.25 137.75 129.75 103.5 67.75 37 22.5 14 11.25 10.75 10.75 13.75 22.75 36 46.75 60.5 75.75 91.5 108.5 119.5 116.25 100 95 110.5 138.5 152.25 121.75 81 72.75 95 108.5 96.5 95.75 102 100 100.25 109.25 122.25 139 151.5 148.5 135.25 121 118.25 118 
17 18 20.25 22.25 22.25 20.5 18 15.25 14 15 16.25 15.25 12.5 10.25 9.5 8.5 7 6.75 7 8.5 13.75 25.5 50.5 77 81.75 73.25 71 72.75 77.5 79.5 74.5 70.25 64.75 58.25 55.75 55.75 50.5 38.75 30.75 41.25 74 101.75 91.25 55.5 30.25 19.5 13.75 11.25 10 10 13.25 21.5 29.75 35.25 44.75 59.75 69.5 72.75 74.75 81.75 94 105.25 112 106.5 98 91.5 81 82.5 101.25 100.75 84.5 79.25 69.5 56 56.75 63.5 68.5 79.25 95.5 106.75 100.25 81.25 74.75 80 72.5 68.75 79 83.25 85.75 98.5 114.25 112 
18.75 19 19.5 19 16.5 14.25 14.25 14 12 10.25 10 9 7.5 7 8.5 11.5 23 58.25 107.25 139.25 148 151.5 151.75 138.5 121.5 118.75 127.75 133.5 122 97 85.75 97.75 103.25 81 56.75 58 64.25 54.25 42.5 35.75 27.25 19.75 15.75 13.25 13 12.25 12.75 19 34.5 49.5 55.25 71.25 87.25 85 90.25 102.75 105.75 98.25 83 76.75 85.75 81.25 62.5 62.5 82 95.25 95 92.25 79 59.75 50.25 50.75 53.25 58 79.75 105.75 106.75 93.25 89.25 107.25 130 138.5 139.5 119 83.5 70 86.5 106 105.25 83.75 61.25 55.25 
20.25 19.25 19 19.75 18.5 16.25 16.25 15.75 13 10 9.5 9.75 9.25 7.75 8.5 11 14.75 32 66.5 102.5 132.5 152.25 155 155.75 157.5 154.75 156.5 160.25 157.25 140.5 122.75 123.25 119 87.75 58.75 56.5 66.75 63.75 46.5 32 23.75 19.25 15.25 11.5 10 10.25 12.5 15.75 19.75 27.25 41.25 62.25 82.25 89.75 82.75 70.75 65.75 68 74.25 90.5 122.5 150.75 148.75 127.25 106.75 100.75 106.75 104.75 88.25 70.5 63.75 60.75 55.5 57.75 77.75 103.5 115.75 111.5 102.75 102 105.25 116.5 148 172.5 157.25 133 138.5 150.5 142.5 119 96.25 86.75 
18.5 19.75 20 18 15.75 14.75 14 12.5 11 10.75 10 7.75 6.75 8 10.75 16 37.5 92.75 150.25 174.5 179 168.25 150.75 153.75 171.75 184.25 182.75 158.75 124 97.75 86.5 87.5 79.75 66.5 82.5 110.5 108.5 85 58.75 37.25 23.25 14.75 11.75 11.25 10.5 10.25 12 16.75 29.5 48 58.25 59.5 60 68.75 86.75 96.25 88.5 79.75 78.25 88.25 108.5 114.5 107.25 101.25 108.5 136 156 137 90.5 58.75 56.5 65.25 69 76.5 93 101.5 103.75 116.5 126.75 118.5 111 124.75 144 137.75 128.75 142.25 163.5 178.5 169 129 87.25 71.25 
20 19.75 19.75 18.75 16.5 15 15 14 11.75 10.25 9.5 8 6.5 7.5 10.5 19 42.5 86.5 134 152.5 144 138.25 136.5 133.75 140 149.75 146.5 126.25 101 81 65.5 54.25 53 72.5 104.25 116 99.5 70.25 44 28.75 20.25 14 10.25 9 10 10.75 11.5 14.25 23.75 40 61 80 81.25 85.25 113.75 132.25 121 109 112.5 133.5 165.25 166.75 139.25 132 144.75 156.75 159 129.25 85.25 66.5 67.75 67.5 79.25 119.5 136 102.25 73.75 78.75 95 109.5 118.5 133.75 142.75 123.75 110.25 124.5 148 137 89.75 54.5 44.5 57 
17 18.25 18.75 18.25 16.25 13.75 13 12.75 11.75 10.75 10.25 9 7 6.5 7 9.25 15.75 35.25 74.25 109.5 123.5 131.75 132.75 115.25 98.75 97.75 113 134.5 133.5 115.25 107 107 97.5 72.25 60.25 76.5 88.75 76.75 51.25 30 20.25 15.75 11.5 9.5 10.5 11 10.75 12.75 20.75 33 40.5 44 48.75 52 58 68.25 72.25 69.5 72 88 100.75 99 95.25 90.75 83.75 85.75 93.5 89 69.5 54 59 70.75 70.25 69.75 79.5 74.25 58.5 68.25 92.25 91.25 85 99.75 116 118.5 115.5 108.25 107 122.25 113 75.5 53.5 58 
20 20.25 19.75 17.5 15.25 15.25 14.75 11.5 9.5 9 8 7.25 6.75 7 10.25 16.75 36.5 76.5 116.5 140.75 159.25 170 165.5 158.75 152 142.75 145.5 155.5 156.25 154.25 150.75 129.5 93.25 68.5 78.25 110.5 110.25 70.25 36.5 23 16.75 13 10.75 10.5 12.25 12.5 17 26.25 39 57 72.75 81 86 81.5 79.75 92.75 89.25 71.5 73.5 80.5 69.75 57.75 56.25 56.25 57.25 68.75 87 94 92.25 93.75 90.5 89.5 95.5 87.5 77.75 82.25 87.5 85.5 74 63 62 67.25 64.25 55.25 54.5 63 78.25 91.5 100 101.75 97 91.5 
20 20 20.25 19.25 17.75 16.5 16.25 15.5 12.75 10.25 9.75 9.5 9 7.75 6.75 9.25 17.75 34.75 65 107.5 145.5 165.75 170.25 163.75 162.25 163.5 155.5 150.5 150.75 151.5 137.5 101 66.25 50.75 69 116.5 145.5 130.75 92.5 54.75 31.25 19.5 13.75 12.25 12.25 12.5 11.75 13.5 21 32 49 77.5 103 118.75 127.5 128 125 120.75 113.25 111.5 116.75 110.75 94 80 77.5 79.75 75.5 70.75 68.75 68.25 70.5 77.25 86.25 85 71.75 62 73.25 95.75 105.5 101.75 94.25 80.5 67.25 71.5 87 98.75 99 92 93.5 97.25 88.25 79.75 
20.5 19.25 18.75 18.25 17.25 16.75 17 16.25 14 11 9.75 10.25 9.75 8.5 7.5 8 10.75 15.25 24 35.75 51.25 75.25 106.75 133.5 144.5 135.25 118.75 110.5 106 100.5 98.5 102.75 102 90 87 100.5 97 69.75 45.75 32 22.25 15 13 12.75 10.75 10 10.25 12.5 18.25 21.5 18.75 20 31.75 45.75 63.25 87.25 106 109.5 110.25 119 122.75 108.5 85.25 78.75 97.5 122 130.5 130.25 136 149.75 151.75 130.5 118.75 120.75 129.5 133.5 106.5 89.5 111.5 131.75 139 139.75 131.75 130.25 133.75 131.25 117.5 92.75 78.75 77.75 74.75 78.75 
18 16.25 16.25 16.5 20.25 23.75 24 23.25 19.75 16.75 16.5 17 17.5 16.5 13 9.75 8.75 10 11 10.25 9.25 8 8.25 13.75 22.25 30.75 41.25 53.5 61 75.5 105.5 128.25 127.25 117 126.25 144.5 140.75 129 134.25 138.5 109.75 67.75 50.25 62.75 85 78.5 50 30 19.5 14 11 10.75 12.5 13.5 12 10.75 11.25 13.25 24.25 43.25 53.75 59.25 66.5 70 75 78.75 74.75 73 75.25 79.25 97.25 128.5 141 122.25 106.25 106 92.75 78.25 86.75 87.5 80.25 95.5 111 96.5 78.5 88 117.5 140.5 147 149 141.25 132.25 
21.75 19.5 19.75 21 21 18.75 15.75 14.5 14.25 13 11 10 10.75 9.75 7 7 10.5 17 25.25 31.5 44.25 70 98.75 130 154.75 170.25 180.75 168 147.75 142.75 134.5 111.75 80.5 57.5 65 106 138.75 128.5 104 78.25 47.75 27.75 19.75 17.5 15 13 14 14 12.5 12 12.75 17 27.5 41 52.25 57.5 68.25 96 125.5 147.25 157.75 149.5 130.5 131.75 159.5 174.75 168.5 163 161.25 155.5 140.75 129.75 134.5 132.25 110.75 92.75 92 99.25 112.75 130.5 146.25 151.25 147 138.75 129.75 122.25 110.75 104.75 119.75 131.5 127.25 149 
22.75 20.5 19.25 19 18.25 16.75 16.25 17.5 19.25 20.25 20.25 19.75 17 13 10.5 10.25 12.5 13.75 12.75 12 11.5 9 7.75 8.5 11.75 16.75 26.75 56 92 110.5 121 130.5 137.5 147.75 149.25 140.75 140.5 143.5 136.5 111 82.25 73.25 75.25 92.5 114.75 114.25 98.25 74 47 27.75 17.75 14.75 13.75 12.25 11.25 11.75 13 17 23.25 27.5 33.75 46.75 63.5 81.25 92.25 98.25 103.25 93.75 71.5 55.75 50 53.25 64 82 107 120.5 117 110 116 132 131.25 115.75 125 150.5 147 137.25 143.25 147.5 158.5 168.75 153.5 128.75 
22.5 20.5 19 18.75 17.75 17.25 18.25 17.5 14.75 11.5 10.75 12.5 13.5 12 9 7.25 7.75 9.75 14.25 21.5 28.75 44 70.25 95.75 120 140 147.75 142.75 136.75 141.25 152 153 132.5 116.75 115.25 106.25 78.75 62.25 93 120.5 93 50.5 27.5 17 13.5 12.25 11.25 9.75 9 8.75 9.75 12.75 18.25 28.5 41.5 50.25 60 79.5 95.5 98.25 103.5 113.75 114.75 105.75 108.75 129.25 143.75 142.75 125 103.75 94.5 85.5 75.75 88 120 134 133 143.5 146 137 146.25 152.25 133.25 126 138.25 155.5 180.5 186.75 152 117 112.5 127 
14.5 14.75 17 21.25 24 25.25 24.75 21.25 18.25 18 18 16.75 14.5 12 10.25 10 11.25 11.25 9 7.25 7.25 9.75 16 22.5 34.75 60.25 90.5 118.25 149.75 169.5 165.75 148 133.5 128.75 118 103 82.5 62.75 57.25 75.5 126.25 182.5 186.25 127.75 70 42 27.25 19.5 14.75 12.75 12.25 10.25 9 10.25 12.25 13.5 17.25 34 53 57.75 60.75 65.75 73.25 83 81.25 68.25 60.25 69.75 96.25 110.5 109 118 136.5 151.75 146.5 117.25 89 72.75 68.25 86 111.5 123.5 112.25 87 84.75 108.5 129.75 141 140.5 127.75 111.5 106.5 
14 15 17.75 18.5 16.75 15.5 16.25 16.25 13.5 11 11 11.25 9.25 7.5 8.75 11.25 16.25 21.75 29.25 50.25 84.75 125 151.5 150.5 131.75 115.75 123.5 139.75 141.5 146.5 155.5 139.25 98 61.75 60.5 91.25 137.5 173.25 153.25 94.75 49.75 27.5 17 13.5 13 10.75 9.5 9.75 11.25 12.75 16.75 28.75 43 61 92 131.75 163.25 182.25 200.5 211 185.5 143.25 122.25 117 125.25 141.5 156.25 162 159.5 152.5 132 115.25 120.5 146 173.75 179.25 169.5 149.25 117.75 96.5 110 137.75 143.5 134.25 133.5 127.25 122.75 146 160.75 148 134.5 130.5 
22 20.25 20.5 21.5 21 18.75 16.5 15.5 15.25 13.5 11 10.25 11.25 10 7.5 7 9.5 16 22 25.25 37.5 63 97.5 141.75 160.75 144.25 132.5 136 134.5 126.75 128 140.75 143.25 116 77.25 54.25 64 94.5 95.5 65.5 43 28.5 19.25 15.5 12.75 11.25 10.25 10 11.75 13 13.5 16.25 26.25 37.75 42 53 78 95 111 141 149.5 130.5 114.5 104.75 110.75 143.25 174.5 176.25 164.75 162.75 150 122.75 123.5 149 167.25 167.25 138.25 101.5 91.5 102.25 105.25 95.25 96 113.75 130.75 145.25 151.25 137.25 124 126 122.25 120.25 
18.75 16.5 15.25 15.5 15.75 17 19.75 22 23.25 22.25 19.25 16.75 16.5 15.75 14.25 13.75 13 12 11 10 9 7.75 7.75 11.5 17.5 25.5 40.5 61.25 82.5 104 125.75 154.5 173.25 165.75 152.5 139.75 133.25 132.75 123 108.25 96.5 99.25 116.25 132.5 149.75 143.25 93.75 46.75 27.25 15.25 11 12.25 11 10.25 10 9.75 11.75 15.25 23 52 83.75 94.5 96.25 84 69.25 71 74.25 64.5 55.75 52.75 47.75 52.75 78.5 120 144.5 136.5 133.25 145.5 128.75 91.25 78.5 91 108.75 109.75 94.25 86 95 112.25 123.75 139 147.5 126.5 
15.75 15.5 16.75 19 21.25 22.25 21.5 20.75 19.75 18.25 16.25 14.5 14.25 13.5 11.5 11.25 12.25 11 8.75 8.5 10.25 14.75 19.5 22.5 29.75 51 98.25 162 190.25 166.25 144.25 143.75 143.75 138 139.25 147.75 136 110 84.5 58.5 53 71 80.25 64 42 28.5 20.75 15.25 12.25 12 11.25 10 9.25 10.25 11.5 14.5 23.75 38.25 53.5 65.25 67.25 68 90 116.25 110.25 86.75 75 75.5 77.5 86.75 103.25 112 113.75 113 111.5 101 89.25 82 72.5 70.5 79.25 101.5 119.25 129.25 141.75 135 116.5 119.5 130.75 126.25 123.75 127.5 
19.75 20 20.25 19.5 18.25 17.5 17.25 15.5 12.25 10.25 10.25 11 10.75 9 9 10.5 20.75 40.75 54 63 90.75 129.5 164.75 189.25 182 161.5 149 130.25 111.25 108.25 114.75 120.25 114.5 92.25 69.25 74.25 111.25 135.75 123.75 94.25 58.75 29.75 17 14 12.25 11.5 13.5 15 15.5 19 29.75 49 60.25 62 85.5 122.5 136 126.5 107.25 86.75 82.75 86 94.25 119 135.25 131.5 127.75 128.75 115.5 95.75 100.5 115.25 118.25 118.25 110 87.75 80.25 94.75 102.75 94.75 89.25 103.5 116.5 118.5 117 109.75 118.5 134.25 125.25 107 101 100.5 
15.25 15 17 21 24 25 24.5 22.75 20.5 19 18.25 17.25 15.25 13.5 12 11 11.5 11.5 10 8.5 9.5 16.25 22.75 25 30.5 57.75 112 167 197.75 196.5 176.75 160 152.75 150.5 156 174 197 208 193.75 147.25 93 64.75 62 69 72 59.25 36.5 22.25 16.75 14.25 13 11 9.25 11.5 14.75 15.5 19.5 37.5 59.25 70 78.5 92.5 104.75 105.5 90.25 79.25 89 95.75 97.25 122 150 147.75 137.5 143 156.25 161.75 153 127.25 113.5 133 143.75 139.25 134.25 123.5 132 157.75 176.25 193.75 193.75 168.75 137.5 114.75 
15.75 17.75 21.25 23 23.25 22.5 20 18 17.5 16.5 14.75 14 13.25 12 11.75 11.5 9.5 7 7 9 14.5 21.75 25 33.5 58 82.5 97 105.25 102 101.5 117.75 133.25 135 122.25 96.75 72.75 67 73.5 82 90.5 81.75 60.75 50.75 40.25 25.25 18.25 14.75 12.75 13 13.75 13.25 12.25 11.5 12.25 14.5 18.5 29.75 53.75 79.25 84 73.5 72.25 82.75 91.5 88.25 77.5 66 58.25 64.75 87 114 135.75 149.5 148.75 134.75 117.75 99.25 79 70 76 85.75 87.75 80 84.25 109.5 141.5 157.25 139.5 109 101.25 106.75 103.75 
18.75 19 19.75 20 18.25 15.25 14 14 13.5 11.75 10.75 11.5 10 7.25 7 8 12.25 17.5 22 36 78.25 140 173.5 176.25 176 177 173.25 163 160 152.25 124.5 93 72.25 70.5 78 80 76.5 68 52.5 35.5 25 19 15.25 12.5 11.25 11.5 11 9.5 10.25 16 25 36.25 46.5 55.5 76.25 97 100.75 119.75 155 171 157.25 135.25 140.5 169 177 155.25 138.5 134.5 134.25 123 105.25 109.5 131.75 146.75 147.75 147.75 154 159.75 155.75 146.5 148 162.25 171 163.75 161.5 154.25 130.25 136.75 169.75 190.25 194.75 179 
