20.75 18.5 18.25 20.25 21.25 19.5 16 12.75 11.75 12.75 12.25 9.5 9 10 9.75 10.25 11.75 11.25 8.25 6.5 7 8.25 10.5 16.5 31 48.75 55 50.75 56.25 79.5 101.5 108.5 109.5 109 93.25 71.25 63.75 71.25 83 88.5 86 94.75 119.25 129 103.5 60.5 32.25 20.25 14.75 12.25 11.5 10 8.5 8.25 8.25 11.25 16.5 20 24.25 33 51.25 73.5 77.5 70.75 81.5 100.75 110.75 116.5 116 97 82.25 96.5 114.25 109.75 104.75 118.5 127 117.75 98.25 84.5 90.75 104.5 114 125 137 147.75 148.75 136.25 127 134.5 145.5 141 
23.5 24.75 24.75 24.25 24.75 25.25 24.5 23.75 23 22 19.75 16.5 15.75 18.25 20 17.75 13.5 11.25 10.75 10 10 10.25 8.5 6.25 6.25 8.25 11.75 16 19.25 24 34 53.75 80.25 94.75 95.5 100.75 111.75 115 107.5 99.5 97.75 94 90.5 105 126.25 124.75 105.5 84 58.25 33.75 20.25 16.25 14 12.25 11.75 11.5 11.25 10.75 10.5 10.75 15.25 28.25 46.25 53.5 50.75 56.5 65.5 67.25 69 76.75 86.5 94.75 98 91 78.75 69 68.5 79.25 91.25 98 95 87.75 88 98.5 107.5 101.75 100.25 131 182.5 216.5 213.25 184.5 
21.25 18.5 16 15 17 18.25 16.75 15.25 14 12.25 10 8.25 7.75 10 13 13 9.75 6.5 7 10.25 12.5 13 17.75 34.25 53.75 63 68 89.5 118.75 125 108.75 98.25 98 87.5 77.5 79 84.5 87.25 85 80 85.5 105.5 111 85 49 26.5 16.25 12 10.75 10.75 10.75 11.25 10.5 9.75 12.25 19.75 30.75 37 41 50.75 54.75 53 75.75 121.75 144.5 128 103 88.5 87.5 92.5 98.25 101 105.75 123.75 142 144.75 129.25 121 135 138.75 118.75 103 105 119.75 149.75 186.25 203.5 197.75 176.5 155 145.5 148.5 
24 20.25 18.5 21 22.25 19 14.75 12.5 11.5 10 8.75 9.5 11.5 14.5 16.5 16.25 15 12 10.5 10.75 11.5 11.5 9 7.25 7.75 9.5 12.25 16 21.25 28.25 40.5 61 72.75 72.25 84.75 104.75 104 87.75 86.5 97.5 94.25 81.25 74.75 78.5 85.75 85 76.5 66.25 50.5 33 21.25 15.75 13.5 11.75 11 10.25 10.25 10.5 10.75 12 15.25 29 51.75 59.25 51.25 51.5 56.25 52.5 54.5 77.25 103.75 106.25 103 116.75 116.75 93.5 82 89 92.5 86 73 60.75 64.5 81.25 92 91.5 87 104.25 143.5 163 148.75 126.25 
26.25 24.25 21.75 19.75 17.25 15 14.25 13 11 10 10.75 11.5 10 8.25 7.5 7.75 10.5 12.5 10.75 7.5 6.25 6.5 7.5 9.5 16 32.25 48.5 51.25 46.75 49.75 57.5 60.5 64.5 75.25 81.25 73.75 70 79.25 84 72.75 59.5 66.25 87.25 97.75 86.5 58.5 32 20 14.5 11.25 11.5 11.75 10.5 9 8.75 11.75 18 23 25.25 27.75 32 40.5 51.75 61.75 75.25 95.5 114.25 123.25 125.75 114.5 90.25 77.75 79.75 84.25 85 84.25 95.75 124.5 149.5 151 140.5 140.25 146.75 134.5 112.5 102.75 102 105.75 111 115.5 116.75 112.25 
24.5 23.25 24 25.5 25 23.75 23.75 23.25 20.5 17 16.25 19 20.5 18 14 11.25 10.5 11 11.25 10.25 8.5 7 6.75 7.25 8.75 13.75 22 28.5 38 60.5 83.5 86.25 77.75 75.75 78 81.5 85.25 87 87.75 90.25 86.75 74.75 74.5 86.75 84.25 69.25 62.75 50.5 30 18.5 13 11.75 12 10.25 10.25 12.5 13.75 11.75 11.5 17 33 56 62.5 55.5 53.25 56.75 76.75 114 130.75 120 109 94.25 68.75 50 54 74.5 92 97.5 93.5 85.5 86 90.75 89.75 107.5 141.5 155.5 140.5 122.5 120.25 131.25 142.5 133.25 
22.25 23.5 23.75 23 23.75 25 24.5 23.25 22.25 21.75 20.5 18.25 16.75 18 19.75 18 14 11.75 11.25 10.5 10 10.25 9.5 7.5 7.5 9.5 10.75 11.5 14 25.25 51 85.75 112 113.5 103 103.5 107 100 96.75 108 121.75 129.25 126.5 110.25 87.75 75.25 73 63.75 45 28.75 20.25 16 13 11 10 9.75 10 10.5 11.75 13.5 15.5 24.75 40.25 50 57.25 66.75 78.25 98.25 127.5 144 137.5 124 107.5 88.25 73.5 68.75 74 85.25 96.5 106 114.5 127.75 145.5 155.25 158.25 150.75 130.75 120.25 130.75 145.75 152 153.5 
23 20.5 19 22 23.75 21 18 18 19 16.75 13.5 14 17.75 21 20.75 16.25 11.5 9.75 10 12 12.75 10.25 7.5 7 9 10.75 12 15 22.25 37.25 60 87.5 112.75 115.5 91.5 71.75 65.25 73.5 94.75 108.25 102.5 82.75 71 70.25 70.25 78 87.25 74.25 46.75 28 18 12.25 10.5 9.5 9 8.5 8 9.75 13.25 15.5 24.5 51.75 70 62.75 60.25 64.5 64.5 73 98.25 119.25 125.25 126 123.25 112.5 92.5 80.5 89.5 110.5 121.5 102.75 76.25 80.75 100.5 107.75 112 117.75 123.75 150.5 181 178 162.75 157.75 
23.25 22.5 21.75 23.25 25.25 25.25 23 21.5 22.25 22.5 19.75 16 16.75 20.5 22 19.75 15 11.25 10.25 11.5 13.75 15.25 14.25 10.75 7.5 6.25 6.75 8.5 12.75 18.25 23.5 36.75 66.25 103.5 122.5 111.25 88 73 72 80.5 96.25 116 121.5 109 93 83.5 82.25 80.5 78.75 71.75 50.5 29.25 18.5 13.75 11.5 11 10.75 10.25 10.25 10.75 10.75 11.5 22 48.25 70.75 70.25 62 63 69.25 83.75 105 113.5 106 99.25 96.75 88.25 77.75 80.5 93.5 98.5 94 86.25 75.25 69.25 78.5 103.25 127 122.75 99.5 102.5 141 178.5 
19.25 18.5 16.75 14.25 12.25 10.5 8.5 8 10.25 12.75 12.25 9.5 7.25 6 7 9.75 12.75 17.25 26.75 42.75 60.75 83.25 100.25 96.75 99.5 122 135.25 125.75 101.5 80.5 75 76.75 79.5 76.25 65.75 62 64.25 57.25 37 21.5 15.5 12 11.75 11.25 10 10.25 11.75 12.75 13.25 15.25 22.5 34.25 41.5 43.5 49.75 54.75 59 74 96.75 113.25 116.5 119.25 122.75 116.75 111.75 124.25 144.25 151.25 144 133.5 121 112.5 122.5 144 151 132.5 117.5 131.25 141.25 121 112 137 154.5 143.5 123.75 101.5 93.25 104.5 111.25 120.5 143 167 
22.5 23.25 22.5 21.5 22.5 24.5 24 21.5 20.5 21.75 21 16.75 14.75 18 22 22 18.25 14.25 11.5 10 11.5 13.5 12.5 10 8 7.5 9 12.25 16.5 17.25 19 31.25 52.5 78.25 103.25 125.75 143.75 145 141.75 157.75 163.25 126 84.75 80 101.25 127.5 145 143 116 87.5 61 33.75 20 14.5 11.5 10.25 10.75 10.5 10 10.25 10.25 12 20 40.75 58 63 77.25 83.5 74 82.75 109.25 135.5 142 129.25 119.25 104.75 86.5 88 106.25 117.25 115.75 105.75 91.25 87 101 122 139 140 136 149.75 156 149.25 
27 25.25 23 21.5 20 19.5 20.75 21.75 20.5 17 14.25 14 14.25 12.5 10.5 10.25 10.75 10.75 10.25 9.5 8 6.5 6 6.25 10.5 19.75 26.25 27 34 59.25 83.5 88.5 92 103.25 110.75 109.75 109.5 117.5 134.5 140.5 117.5 94.25 88 77.75 63.25 58.5 53.75 38.75 22.5 14 11.75 11.5 10.5 8.75 8.5 9.75 9.75 10 12.75 24.5 46 56.75 51.75 47.25 53 68.75 91.5 113.5 118 108 94.5 74.5 56 50.25 61.25 92.75 134.5 149.5 124.25 95 82.25 81.75 93.5 107.25 113 112.5 117.25 138.5 167 178 165 151 
22 22.25 20.75 20.5 22.75 24.25 22.5 20.25 20.25 20.5 18.25 15.5 15.25 17.75 20.5 20 16.25 12.5 10.5 10 12 12.5 10.5 8.75 7.75 8 8.5 13.25 24.25 36 50 76.25 103.5 110.75 103.5 93.75 90.5 94.5 90.25 85 89.75 93.75 95.5 93.25 86.75 90.25 100.25 111.5 108.5 73.75 39 23.25 16.5 14 12.25 10.75 9.75 10 12.25 14.75 15 21 42.5 58.5 54.25 56.25 66.75 63.75 61.25 80.25 104.5 108.75 101.25 102.5 104 92.25 81.25 77.75 80.75 97 111.75 108.5 102 121 145.75 140.75 113.25 91 101.5 131.75 142.75 133 
13.75 13.25 13.5 12.75 12.5 13 12.25 10.75 9.25 8 7.75 9.25 10 7.75 6.5 7 7.75 10 13.75 20.75 30.75 42 53 69.5 99.75 127 131 122.75 121.75 120.75 107.5 95 100 108.5 101.5 93.75 95.75 97.75 100.25 90.75 58.25 29.5 18.75 14.25 11 10.25 10.5 9.5 8.75 12 18.75 24 25.5 27.5 32.5 39 43 46.25 62.5 89 102.75 95.5 84.75 80.25 72 66 75.5 90.75 101.25 115 136.75 153 148.75 124.25 98 91.25 103.5 118 125.25 123 113.5 105.75 108.5 121.5 136.5 140.75 127.75 111.25 99.25 95.75 111.5 128.5 
20.5 19.75 18.25 16.75 15.5 13.75 11.5 9.75 8.75 9 9.5 8.75 7.25 6.75 8.25 10.5 12.75 19.25 32.25 45.25 60.5 79.75 99.5 119 125.75 109.75 88 81 79.5 79 85.75 92 93.75 89.75 78.5 72.5 92.25 119.75 107.75 63.25 30.5 19.5 15.25 12 11.5 11.75 12 12.75 12.5 13 17 22.75 29.25 39.25 47 45.75 44.25 55.75 78.75 96.75 101.25 97.75 99.5 102.5 93.25 85 93.25 114 140 157.75 149.75 117.75 94.5 100 113.5 122 125.75 129.75 130 120 117.25 135.25 155.5 154.25 131.75 111.75 119.25 139.5 143.5 129.75 108.5 95.75 
19.5 21.5 23.25 22.5 18.75 17 20 22 19.25 15 13.5 13 12.25 11.25 10.5 12 15 17 16.5 14.25 11.5 10.25 10.5 10 8.5 7.25 7 7.5 10.25 14.25 19.75 31.5 58.5 94.5 110 98.5 83.25 81 84 94.25 118.25 132.25 127.25 107.5 77.5 56 55.5 65 75.5 83.5 67.75 37.5 20.25 14.5 12.25 11.5 10.75 9.75 10 11 11.5 16 23.5 34.25 49.75 52.5 51.5 65 76.25 81.25 99.5 122.75 130.5 124.25 108.5 84.75 65.5 69.5 96 115.25 113.25 103.25 91 92 106.25 112.5 111.5 105.75 108.25 129 147.75 151.75 
24.25 24.75 24.25 23.25 21 17 12.5 9.75 8.25 7.5 7.75 8.25 9.5 10.75 11.5 13.5 15.5 14.5 11.5 9.75 8.75 7.5 8 13.25 27.25 55.25 85.75 95 100.5 122 143.5 146.25 138.75 139.5 131.5 108.25 96.75 102 105.25 101.75 96.25 88.5 80.5 89.25 100.5 85.75 57.25 34.5 20.75 13.75 12.5 13 12.25 11.5 11.5 11.75 14.25 15.5 20.75 46.75 80.75 84 71.5 75 84.25 86.75 78.25 69.25 69.25 79.5 106.25 134 135 121.75 124.5 130.75 109.5 84.75 87.75 94.5 84.25 77 91.25 111 106.75 91.25 89.25 92.5 100.75 103.75 99.75 112.25 
9.75 10.5 11.5 10.75 9.5 8.5 8.5 10 11 9.5 7.75 8 11 20 39.5 62 75.25 83.75 98 118.75 129 116.75 102 102 104.75 110.25 119 106.75 80.5 63.75 57.75 68.75 94.5 97.25 67 39.25 25 18.25 16.5 14 11.25 11 10 8.75 9 10 13 15.5 16.25 18.5 27.5 45 68.25 91.75 118 135.5 131.75 122 119 130.25 153.5 168 161.75 145.25 130.25 115.25 99 88 85.25 80 70.25 76.75 108 130 130 140 148.25 132 110.75 107.25 121.25 130.5 118.75 102 104.75 136.25 165.25 162.75 153.5 160.75 171 160.5 
21.75 19.75 17.25 14.25 12 11 10.25 9.5 8 6.5 7 9.5 14.25 24.75 50 87.75 126.5 151 144.75 126 123.25 125.5 126 131.5 131 112.5 95.75 95 98 91.75 73.5 60.25 64.25 64.5 44 26.25 18.75 15 14.25 13.5 12.75 12.25 13.25 15.5 20.75 26 24 21 23.5 27 30 33.5 37.25 44.75 60 75.25 85 94 98.25 99.75 103 114.75 144.75 172 164 129.25 108.5 118.75 135.5 138.5 141.5 152.75 141.25 110.25 89 84.5 96.5 102.5 99.25 97.5 99.5 116.25 143.25 159.25 161 154.75 147.5 142.25 132 125.25 119.75 106 
16.75 17.25 18.25 17.75 16.25 14 11.5 10.25 9.25 7.75 7.5 9 8.25 7 7.75 10 18.75 42.5 76 95.5 100.75 110.5 123.5 127.75 120 114.5 121.75 124.75 112 95.25 84 74.5 72.5 91.75 114 116 101.75 81.75 55.75 30.75 19.5 16 14 13.5 13.25 11.75 13 18.75 24.25 26.75 25.25 23.25 28.25 40 53 75 104.5 117.5 102.75 84 84.25 95.25 103.5 101.5 96.5 96.5 102 111.75 117.75 117.75 116.5 121.25 144.25 171.25 173 155.25 142.25 130 110.5 112.5 136.5 148 146.5 147 151.5 152 127.25 93.25 84 95.75 117.75 146.5 
17.75 19.5 19 17 14.25 12.25 11.5 11 10.75 10 9.5 9.5 10 10.25 9.25 7 6 9 15.5 26.75 46.75 71.75 100.75 128.25 141.25 140.25 129.75 115 106.25 106.5 117 132.25 138.75 140.5 134.75 110.75 85.25 74.5 82.5 100.75 95.5 63.25 36.25 22.5 15.5 13 11 9.5 9 9.25 10 11.25 12.5 18.75 35.75 59.25 77.5 98.5 132.5 150.75 132.25 107.25 109.25 130.75 140.25 124.75 103.25 97.75 103 105.5 106.25 103 91.25 75.5 73.5 95.75 123.5 133.5 130.5 129.5 127.75 121.75 121.75 125.75 118.75 120 147.5 168.25 154 125 112.75 120.75 
15 14.5 13.5 13.25 13.75 12.5 9.5 8 8.5 10 10.75 9.25 7.25 7.5 11.5 20 36 57.5 76.5 92.25 110.5 115 101.5 101 120 135.75 131.75 106.5 80.25 66.25 59.5 54.75 50.25 63.75 92.75 93 59.5 33.75 23.75 17.5 13.5 11.75 10.75 10.5 10.75 11 12.25 12.5 13.75 17 20 26 35.5 44 49.75 57.25 72.25 89 97.75 101 96 88.75 102.25 126 134 128.25 126.25 119.75 96.5 82.75 93.25 100.75 89.75 87.75 105.25 118.75 116.75 115 125.25 131.25 117.5 102.75 110 122.25 113 94.75 90.75 104.5 129.75 142 130.75 124.5 
13 14.75 14.75 13.5 13 12 10 8 7 7.5 7.75 7 7.25 9.5 15.25 33 62.75 82 91 116.25 147.25 153.25 132 115 120.25 120.25 106.5 101.75 104.25 110.25 121.75 124.5 122 132.75 154 160.5 133.25 86 47 25.5 16.25 12.25 10 8.75 8.25 9.25 10.25 11.25 12.75 15.5 25.25 43.5 69.5 95.5 113.75 137.5 157 149.75 128.25 122.75 134 138.5 147.25 154.75 147.75 133.5 118.25 107 111.25 130.75 132.5 125.5 129.5 124.5 114.25 125.75 147.5 152 148.25 135 116.5 114.25 116.75 109.25 99.75 106.25 118.75 120.5 118.25 125.75 147.5 157.5 
19 19.75 21.75 23.75 21.75 17.5 17.5 20.75 20.75 16.75 14 14 13.5 11.5 9.75 10.75 14.5 17.5 17.25 14.5 12 10.5 10.5 10.25 9 8.25 8.5 12.25 20 32 45.5 54.75 63.25 81 107 123.75 129.5 140.25 143.75 125.75 112 115.5 119.25 111.75 98.5 81.5 58 53.25 82.75 104.75 91 61.75 35.25 20.75 15.75 13 11.75 13.75 18 19 18 19.75 26.75 42.5 61.25 68.25 62.25 56.5 62 77.5 91.5 91.5 80.25 76.75 91.5 114.5 132.5 151.75 175.5 175.5 140.5 119 145 171 159 140.75 141 149 150.25 152.75 161.5 145.25 
23.5 22.5 22.25 22.75 21.5 18 15.75 16.75 18.5 17.75 14.5 11.25 10 10.25 10.25 9 7.75 7.25 8 10.75 17.5 42.75 89.25 131.75 144 131 123 124.25 118 110.5 117.75 130.25 128.5 111.5 94.25 81.25 71 84.25 120.75 150 151.75 120.75 73.75 39 23.25 17 14.25 12.75 12.25 12.25 13.75 16 16.75 16 20.75 37.75 60.25 75.75 86 98.75 110.5 106.75 89.75 80 80.5 79 72.75 70.5 76.25 81 83.75 96.25 108.75 98.75 75 62 69.5 84 86.75 81 81 87 87.5 85.5 87 91.5 116.75 157.5 167.75 142.25 116.75 108 
13 11 10 9.75 10 10 8.75 7.75 7.5 9 10.75 10.25 8 7 7.75 9.75 15.5 26.25 43.25 63.75 82 103.25 121.75 122 120.5 121.5 104.75 87.75 93.75 105.25 94 66.5 54.25 58.25 63 69 69.25 54.75 35.5 23.75 18.25 15 14 12.5 10 9.25 11.75 14.25 13.5 14.25 18.5 24.75 34.25 46.75 67.25 87.25 92 93 91.25 86.25 95.25 125.75 161 160 126.25 114 131.25 132.25 114 106.5 99.5 85 77.75 88.25 118.25 148 146.25 120.75 107.75 105.75 107.25 109 98.25 94.75 113.75 120 104.5 105.25 133.25 153.75 139.75 114 
18 14.25 11.25 11 11.5 11 10.25 9.75 9.75 10.75 11.25 10.25 8 7.5 9.75 18.25 40 64.5 81.25 98.5 127.25 157.5 156 130.25 116 115.25 124.75 133.25 121.75 99.75 84.25 71.5 55.75 42.75 42 50.75 58.5 62.5 56.5 39.75 24.75 17.25 14.5 12.5 10.75 11.75 13.25 12.75 13.5 15 16 23.25 37.75 54 72.25 90 105.25 122 128.75 115.75 102.75 112.5 127 123.25 113.25 113.5 120.75 118.5 111.5 104.75 88.25 72.25 80.75 115 142.5 141.5 143.75 162.75 162.25 139.5 115.75 92.75 89.25 119.5 144.75 140.5 139.25 157.75 177.5 178.5 151.75 124.5 
12.75 10.25 9.25 10.5 11.25 10 8.5 8 8.25 9 9.25 8 7.5 9.5 16 28.75 43.25 54.75 73.5 108.25 134.75 134.75 121.25 114.5 119 110.5 92.75 77.75 65.5 72 86.25 78.75 63.75 80.5 112.5 123 107 71.5 38 21.75 14.75 11.75 10.25 8.75 9 12.25 15.5 15 13.75 14.25 20.25 33 48 63.5 82.5 104.5 122.5 123.5 113.5 108.5 107.25 108 103.75 95.75 96 115.5 129.5 112.5 92.25 86.5 82.25 79.5 105.75 144 146.5 123.5 116 117.75 114.5 115.5 113.25 110.25 117.25 121.75 115.5 116 137.75 169.25 165.75 126.25 111.5 125.75 
14.75 12 10.75 10.75 10.75 9.75 9 9.25 9.5 9.5 9.5 8.75 9 11 16.5 30 51 69.5 76.5 79 90.75 103.25 104 104 117.5 140 150.25 139.75 119.25 93.5 70 62.5 74.5 103.5 128.25 116 71.25 34.75 21.25 16 13.75 13.5 12.25 10.75 9.25 8.25 8 10 13.75 15.25 17 23.5 36.5 52 70.25 100.25 125 126 118.75 109.25 99.25 109.75 138 159 159 146.75 132.75 109.75 81.75 65 61.25 63.5 75.5 103.25 123.25 112.75 102.75 116.5 129.25 125 118.25 126.5 141.25 129.5 90.25 66.75 81.25 124 158.25 158 144.75 136.25 
14.25 12.5 11 11 11.75 11.25 9.5 8 7.5 8.5 9.75 9.5 8 7.25 8.75 14 27.5 51.5 70.75 79.25 96.25 110 108.75 112.5 123 132 132 107.75 77 61.25 58.75 62.25 61 64 69.75 62.75 45.5 29.25 19.75 16 13.25 11.5 10.5 9 9 10.75 12.5 12 11.75 13.5 15.25 20 29 37.75 45.25 57 81.75 104.5 104 97.5 103 107 105.5 106 106.75 113 120 109.75 84 63.5 54.75 52.25 56.75 78.5 111.25 124.25 106.75 90.5 93 95.75 93.25 97.5 111 121.75 113 91.75 79.25 90.5 114.5 112.75 89.75 78 
13.5 11 10 10.75 10.75 9.25 8.75 9.5 9.75 9.75 9.5 8.25 7.75 8.75 10.75 19.5 44.5 84 115 116.75 108 113.25 131 147.75 151.25 140.5 124 115.25 118.25 129.5 138.75 126.5 100.25 84 79 85.25 94.5 79.75 46.75 25 16.75 12 11 11 9.75 10.25 12.25 16 20.5 24.75 35 54.25 71.75 79.75 84.25 94.75 98.75 86.25 79.5 80.25 89.75 114 127.25 128.5 141.75 167.25 185.25 174 143 124 117.75 113.25 112.25 107.5 101 102.75 108.75 111.75 108.5 105.5 106.75 106.75 124.75 167.5 185 153.75 115.25 105 111.75 107.75 91.5 90.25 
17.25 13.5 11 11.25 11.75 10.75 9.5 9.25 9.75 10.25 10.5 10 8.75 10.5 16.5 22 24 31 57.75 97.25 124.25 117.75 94.25 89 100.25 113 125.5 131.5 118.25 100.75 93 79.25 68.25 73.75 80 92.75 124.25 131.75 91.5 48.5 27 16 12.25 11.75 11.25 12 12 11 12 13.5 17.5 33 54.25 66.25 70.75 82.75 104.5 114.5 99 76.25 67.75 79.75 105.5 117.5 107 103.5 127.75 159.5 160.5 133.5 111.25 102.75 103.25 113.5 117.25 106 96.5 99.25 103 90.75 79.25 84.5 94.75 115 145.5 154 131.75 103.25 93.5 107 120.75 121.5 
19.25 16 13 12.25 12.5 11.25 9.75 10.25 11.25 11 10 8.75 7.5 6.75 8 14 23.5 28.5 26.5 28.75 38.5 49.75 64.5 79.5 85.75 78.75 64.75 59.75 67.5 64.75 56.25 65 81.75 95.75 100.25 91 82.5 73.25 48.75 27.5 18.75 13.75 11.75 11.75 12.5 11.5 11 12.5 13.5 16.25 22.5 32 49.25 59.25 51.75 53 85.5 128.75 142 126.5 120.5 125.75 115 94.25 93.25 120.5 146.75 148.25 130.25 114.5 102.25 94.25 109.5 121.5 113.5 108.25 107.5 110.75 119.5 131.25 141.75 137.75 127 117.25 103.25 101.25 118 125.75 130.5 148 148.5 136.5 
22.75 24.25 25.5 23.75 22 22.5 22.25 19.25 15.75 15.75 18.75 21.5 19.75 15 11.25 9 9.75 11.75 12 9.5 7.25 7.25 9.5 12.25 17.25 26.75 36.5 50.5 61.25 61.75 69.5 83 85 87 92.5 90.5 87.5 80 63.75 51.5 57.25 82.5 125.75 181.25 201.25 152 80.75 39 22.25 14.5 12.5 11 9.75 10 10 11 11.5 13.75 29.25 56.75 67.5 55.75 44.5 56.5 88 110 115.5 117 124 120.5 105.25 95.5 92.5 92 104.25 119.25 105.75 100.75 116.25 110.25 97 103 118.75 125.5 127 125.25 125 140.75 155.5 166.75 181.75 191 
16.25 15.25 13.75 11 9.5 10.25 11.25 10.75 9.25 8.25 8.25 8.75 9 8 6.75 6.5 7.5 9.5 13 21.5 40.25 67.5 87.5 94.75 98.75 96.25 90.75 97.75 108 101.25 80.75 64.25 58.5 63.5 91.75 128.25 129.5 104.5 83.25 60.25 35.75 21.25 16.5 14.5 12.25 11.25 10.25 9.5 11.75 17.5 22.5 23.75 29.25 52.75 77.75 76 61.5 68.5 100.5 127.75 132 126 124.5 119.75 114.25 116.25 114.75 119.5 141 156.75 160.25 153.25 132 114.5 101.75 86.5 86.75 103 113 113.5 118.75 138 159.75 159 142.25 134.75 134.75 140.25 154.25 161 151.75 141.5 
25 21.25 19.5 21.5 22.25 18 13.25 10.75 9.25 8.75 7.25 7 9.5 12.75 14.5 14.75 14 11 9 8.75 7.5 6.25 6.5 9.25 14 18 22.25 29.5 43 62.5 79.5 88.5 85 79.5 89.75 97.75 83.75 66.25 58.75 57.75 65 75.75 75.75 63.75 57 74.75 85.25 55.75 27 18.5 14 10.75 10 9.25 7.75 7.75 9.5 11.25 14.25 25.25 40.5 49.5 49.5 48 63.75 95.5 114.5 114.5 114.75 118.75 116.25 108 105.25 101.75 86 87.75 106.25 102.5 94 104.25 104.5 93.25 95.5 112 139.25 161.5 161.75 143.25 115 90 85.5 89.25 
20.25 16.5 14 14 14.5 13.25 10.75 9.5 10 11.25 12.5 12.25 11 8.25 6 6.75 8.5 11 16.25 26.25 50 84 105 106.25 108.5 114 108.75 108.25 114 102.75 83.5 72.25 63.5 58.25 60 65.75 64.5 56 55 49.5 31.5 19.25 15 11.75 9.75 10 11.25 10.75 9.5 10.25 11.25 14.25 23.75 37.5 43.5 42.25 43.25 52.75 76 108 135.5 150 153.25 138.25 118.25 123.75 147.5 148.5 127.75 113.75 99.5 90.75 92.5 94 98 106.5 117.75 126 123 120 131 139.5 131.5 129.75 145.75 150.75 138.5 139.5 162 180.5 171.25 147.5 
23 22.25 19.25 19 19.75 18.25 15.25 13.25 15.25 19 20 18.25 14.75 11 9.25 9.75 10.75 9.25 7 7.25 10.25 14 17.75 21.75 27.5 45.5 77 101.75 107.25 104.5 102.25 94.5 78 59.25 48.25 50.5 64 73 69.75 63.25 57.75 58 55.5 43.5 31.25 22.25 16 13 11.5 9.75 9.25 9.5 12.5 16.5 17.25 18 24.75 36.5 42.75 40.25 39.5 58.75 92.25 108 96 86 103.5 129.25 134.5 125.5 111 99.5 105.75 114.25 113.25 116 116 100.5 90.5 99.75 116.25 130.5 137.25 138.25 148.5 162 150.25 120 110.5 119 127.75 143.5 
14.5 16 15.5 14 13.5 12.25 10 8.5 7.75 8.25 10 10 8 7 8.25 9.75 15.25 25.75 33.5 42.25 52.75 58.25 69.25 94.25 116.25 114.75 99.75 86 76 71 80.75 98.75 116.5 146 160.25 158.25 175.75 172.25 115.25 58.25 32.5 22 16.75 14.75 13 10.5 10.75 13.5 18 22 23.75 38 66.75 79 65.75 60.75 81.5 111 138.75 150.75 149.5 163 171.5 151.75 126.5 114.75 124.75 144.75 144.75 130.75 128.5 120.25 106.75 105 100 103.75 117.5 122.25 122.5 119 131.5 161 165 144.75 134.25 146.25 159.5 155.5 144.75 130 116.5 129.5 
17.75 16.5 14 11.5 9.75 9.5 10.25 10 9.25 8.75 8.5 9.25 10.25 8.75 6.5 6.5 8.5 10.75 14.5 24.25 36.25 44.5 55 71.75 83 86 88 94.75 101.75 97.25 90.5 83.5 70.25 63.25 69.75 84.25 86.75 78 84.75 86 58 31.25 20 15.75 13.25 10.75 10.25 10.25 10 9 9.75 13.75 20.5 27.75 35.25 41.75 48.25 69.5 107.25 135.25 144.5 147.75 150.75 149.75 141.5 130.75 120.75 115.25 119.75 132 142 138.25 122.75 114.25 115.75 110 104.75 123.75 153.25 169.5 168 154 148.25 158.25 157.5 138.75 130.5 149.25 164.75 154.75 144 137.25 
19.5 18 20 21.5 19 16 15.25 15.25 14.25 12 11.75 14.25 18 19 16.75 13.75 10.25 9.25 10.25 9.5 7.5 6.75 8.25 11 17 28.75 55 89 95 79 73.5 65.5 55.75 68 89.25 102.75 94 71.25 55 51.25 63.5 74.75 71.25 74 87.75 75.5 42.75 22.5 15.5 12.25 10.75 9.75 9 9.25 10.5 12.75 13.75 16 29.5 53.25 65.75 55 44.25 57 81.75 99.5 110.25 118.75 126.25 134.75 140.5 134.25 119.75 111.25 113.5 124.25 127.75 119 104.5 85.75 71.5 76.75 102.25 131.5 146.5 144 131.75 110.25 92.75 99.5 118.75 130.75 
21.25 18.75 15.25 14.5 15 13.75 11.5 11 13.5 17.25 18.25 16 12.5 10 9.75 10.25 9.25 7.25 7.25 8.5 10.75 15.75 20.25 26.25 43.5 70 90 106 122.25 125.25 115.25 102.25 92.25 88.5 85 72.25 62.5 72.25 83.75 81.75 83 88 74.5 46 26.25 18.5 15.25 15 14.75 12.5 10.25 9.75 9.75 11.75 16 24.25 42.75 59.75 59.75 53.25 65.5 93.5 111.25 120 134.25 142 138.25 139.5 137.5 119.25 104.25 110 121.5 118 113.75 125.5 137.25 132.5 125.75 137 144.75 128.75 111 107 103.5 96 103 124 138.75 149.25 156 151.75 
18 13.75 11.75 11.75 12 10.75 9.5 9.75 10.25 11 11.5 10.5 8.5 6.5 6.5 8 10.25 16.75 33.75 61.75 84.75 99.25 109 102.5 89 94.75 117.5 136.75 141 129.5 110.25 93.75 83 77.75 83.25 83.75 65 41.75 26.25 19.5 15.5 11.75 10.25 10.75 11.75 12 11.5 10.25 11 14.5 20.25 30.75 42 44.75 44 55.5 75 89 99 112.75 129.75 144 164 177.5 156.75 123 116.5 137.5 149.25 141.75 135.5 131.75 121.5 107.25 104.5 124.25 154.75 167 160.25 150.75 146.5 152.75 150.5 140 139.25 141.75 154.25 167.75 166.25 156.5 138.5 122.5 
23.25 22.25 18.5 17.5 18.25 17.25 14.5 13.25 15.25 18.75 20 18 14.75 11.75 9.75 10 11 9.25 7.25 8.25 10.5 12.5 15.75 24 36.5 47 57.25 72.5 88.25 107.5 133 138.5 116 95.5 86.25 78.75 73.25 73.5 74 64.5 50.75 47.75 49.75 40.5 26.25 18 13.75 11.5 10.5 9.75 9.75 10.5 11.5 13 14 14.5 23 40.75 52.5 53.5 55 73.25 106 139.25 161 156.25 139.5 137.5 151.75 160 141.25 114.25 106.25 109.25 110 116.5 133.25 140.75 127.75 113.75 116.5 128.75 144.5 161 161.75 141.5 111.25 93.75 107.5 139.75 168 184.5 
16.25 15.25 16.5 15.75 13.75 12 12.75 17.25 20.25 18.75 14.75 10.5 9.25 10.5 10 7.75 6.25 6 7.5 11 16.5 22.5 32.5 57.75 91 104 94.5 89.75 97 105.5 111.75 106.25 94 91.5 92.25 85 78 76.75 72.5 73.5 87.75 81 49 27 17.75 13.75 11.5 10.5 10.25 10 10 10.75 13.25 15.75 22.75 36.75 58.75 79.5 75 69.5 89.75 116.5 131.5 130.25 123.75 122.75 132 149 157 142.5 120.5 115.25 108.5 104.75 130.25 148.25 139.75 143 169.5 183.75 169 143.25 120 108 103.5 102.5 117.75 143.75 165.25 175.5 166.5 149.75 
14.75 13.25 11.5 9.75 9.75 10 9.5 9.25 8.5 8.25 9 9.25 7.5 6.5 8.5 10.75 13 16.75 22 30.25 42.25 69.25 102.75 108 90.75 82.75 85.25 84.5 80 73.75 67.25 64.75 64.75 63.25 67.5 83 108.75 126.75 102.25 55.5 28.75 18.5 13.5 10.75 9.75 9.25 9.5 12.5 16 16.25 15.5 22.75 42.75 59.75 58.25 54 63.25 85 110.75 134 159.75 178.75 174.5 167.25 170.5 160 145.25 149.75 156.75 145.25 138.25 148.75 139.75 107.5 89 95.75 114.25 127 126 126.75 133 141.25 158.25 166.25 144.5 124.5 134.25 149.25 154.5 157.75 158.25 167.75 
