28.25 26.75 25 24 24.25 23 20.5 19 17.25 15.25 14.5 14 12 9.25 7.25 6.25 5.5 4.75 5.25 6.75 9 10.5 11.75 16.75 27.75 43.75 60 71.5 86 103.75 108.5 98 86.5 82 79 73.25 66 61.25 61.75 68.5 81.75 92 91.5 79.75 55.25 31 18.25 13.75 11.5 10.25 10.5 10 10 10.25 11.25 12.25 13 13.5 15.5 27 49 79.25 104 102 90.25 94.75 100.5 94.5 88.75 91 102 113.75 115 107.25 101.25 107.5 114.25 117.25 126 134.75 141 147.75 146.75 129.5 110 111.5 126.25 131.5 131.25 132.5 124.5 107.5 
25 26 26.5 26.5 26.5 26.75 25.75 23.25 21 18.75 15.5 12.25 12.5 15 16.5 17.5 17.75 15.75 11.75 8 6.5 6.5 6 5.75 8 11.5 15.25 20.75 29.25 50.5 77.75 89.75 95.25 103 102.25 99 93.5 86.25 88 92.5 92.25 83.5 68.5 60.75 66.25 76.25 87.5 76.5 43.75 24.5 16.5 12.25 11 9.75 10.25 10 9.75 12.5 13.75 12 13 16.25 20.25 34 66 101.5 114.5 106 90.5 76 74 84.25 91.5 100 120.25 139 142.25 139.25 130.5 115.5 109 105.5 104.5 118.75 139.5 148.25 142.75 150.25 186 206.25 194 193 
25.75 23.75 21.25 19 16.75 15.25 15.5 16.75 17.25 17 17.75 19 16.75 12 8.75 7.25 6.25 5.25 6 8.25 9.75 12.75 18 23 37.25 70 105.25 122.25 122 118.25 114.5 97 76.25 78.75 88.75 84.75 81.75 77.25 67 64.25 72.5 82.5 71.25 42.5 22.5 15.25 11.75 10.5 10.25 9.5 9 9 9 9.25 10 12.5 17.5 29 48 59.5 64.75 67.75 58.75 55.25 75.5 113.75 138 119.75 106 126.75 136.25 114.25 97.75 105.5 121.5 129 128 139.75 152.75 152.25 159.25 184.5 206.25 196.75 166.75 146.25 139.25 137 134.75 129.25 124.5 122.5 
27 26.75 26 25 24.5 24.25 22.75 19.5 16 14 14.25 16 16 14.5 14 13.75 12.75 11 9.5 8.5 7 5.25 4.75 5.5 7.25 11.5 18 22.5 28.75 41.75 60.75 76 75.25 66.75 61 59.5 65.25 65.75 59.75 62 67.75 72.75 75.75 69 58 61 60 41.25 25.25 16.25 11.5 10 9 8.75 9 9 10.25 12.75 14.5 15.25 15.75 17.5 24.25 38.75 55.25 67.75 78 83 78.75 72.5 76.5 81.75 79 91.5 116 117.25 99.25 92.5 96.5 99 103.25 111.5 125 143.75 156.5 162 171.25 180.75 173 147.75 141.25 160.75 
26.5 27.5 27.25 25.5 24 23 21.25 19.5 17.75 16 13.75 11.75 12.5 14.25 13.5 10.75 7.75 6.75 6.5 5.75 6 7.5 10 13 17.25 23.5 38.5 68.5 96.5 101 89.5 83.25 83.5 85.75 93.5 96.75 85.75 76.5 80 82.25 80.5 87.75 98.75 104.25 93 59 29 17 13.25 11.75 11.25 11 10.25 10.75 11 11.25 14 18 23 29.75 38.75 49.25 59.75 61.25 51.25 50 64.5 77.5 80.25 81.75 97.5 126.5 146.25 134.75 99.25 78 80.75 89.75 103 122.25 136 134 128 128.75 125.5 109.5 91 91.5 112.25 132.75 143.5 145.5 
26.5 26.25 26.75 26.5 24.5 22 19.5 16.5 13.5 12.25 14.5 17.25 18 17.5 15.75 12.5 9.25 7.5 6.75 6.25 5.5 6 7.75 11.25 18.75 24.25 27 37.75 54.25 67.75 80 85.5 81.5 77.25 74.75 75 84 93.25 93.25 85.75 72.5 60 60.5 77 97.75 92.5 59.25 31.5 18.5 13.5 12.25 11.5 10 9.25 10.5 12.5 13 13.75 15.75 21 32.25 45.75 54.5 63.25 79.75 86 72.25 64 76.5 90 90.75 88 88.75 92 92.75 100.5 116.5 126.5 134.5 156.75 186.75 199.75 189.25 162 136.75 126.5 124.5 131.75 146 151.5 150.25 157.5 
25 25.25 26 26.25 27 27.75 26.5 24.25 22 19.75 16.75 13.5 12.75 14.5 16 16.75 17 16 13.25 9.5 7 6.25 5.5 5.25 6 8.25 14.25 23.25 27 31.25 46 62.5 71.5 68.75 61.5 62.5 67.5 69 83.25 110.5 127.25 127.5 113.75 90 69.5 73.75 90.5 78.5 46.25 26.25 18 12.75 10.25 9.75 9.25 9 9.5 11 12.75 13.5 14 16.5 21 30 44 54 62.75 80.5 88 80.25 87.75 102 103.75 110.75 117.25 106 91.25 83.25 76.25 73.75 89 126.5 163 170.5 162.25 152.75 152 158.5 154.5 138.75 126 135 
25.75 27.25 27.25 26 24.5 22.25 20 17.75 14.75 12 11.5 13.5 16.25 17.25 16.5 14.5 11 8.25 7.5 7 6.25 5.25 5.25 7.5 10.5 13.75 18.5 24.25 35 50.5 59.25 61.75 76.5 98.5 104 90.75 77.25 76.25 77.25 76.75 76.75 70.75 64.5 77.25 92.25 76.75 48.25 30.5 20.25 13.75 10.25 9.25 9.25 8.5 7.75 8.5 11 13 13.25 13.25 17.75 23.75 31.75 49.25 71 89 87.5 65.75 50 46.5 54.75 76 91.25 96 103.25 107.25 104 106.5 116.5 126.25 124.25 118 126.25 144 152.25 136.25 121.75 135.5 148 143.25 146 152.5 
24.75 26.25 27 27.25 27.25 26.25 24.75 22.5 19.25 16 13.5 12.5 14.5 17.5 19 18.75 16.75 13.5 9.75 7.25 6.75 7.5 7 5.5 5.5 6.5 8.75 14 20.5 24 27.5 37.5 50.5 62.75 74 79 78 79.25 83.75 83.75 81 88.5 103.25 109.5 101.25 86.5 80 92 107.25 94.25 56.5 28.25 18 13.5 11.5 11 11 11.25 11.75 12 11.75 11.25 14.5 20 27 43.75 67.25 85 90.75 86.5 78 78.25 91 98.25 88.25 83.25 104.25 131.75 147.25 156.5 164.5 173.5 175 159.75 144.5 140.25 138.5 131 121.25 130 159.75 182.5 
14.25 15.75 17.5 18 18 17.75 17 15.75 13 9 6 5.5 5 5.25 7 9.25 14.25 21.75 38.25 65.5 90.25 111.5 110.25 79.25 60 59.25 61 72 91 94 76.75 57 50.75 66.25 88.25 98.75 87.25 54.75 28 17.5 12.25 10 9.25 9.25 9.25 9 9 9.75 11 12.75 18.75 29.5 37.75 44.25 56.25 70.75 78.75 83.75 97 113.5 127 124.5 97.5 71.25 67 93.5 122 114.75 90.5 74.75 79.25 101.25 127 142.25 142.75 157 175 166.5 153 157.25 151 119.25 99.75 104.25 120.25 143.5 156.5 157.25 160 151 135.75 127.5 
23.25 23.75 26 28 27.5 26 24.25 21.25 19 17.25 15 13.25 12.75 15 18.25 19 17.5 14.25 10 7.75 6.75 6.5 6.25 5 4.75 6.25 11 19.5 25.75 28.5 41.5 64.25 78 83.75 90 91 84.75 78 74 72 76.25 91.25 104.5 101.25 82.75 66.25 73.25 95.75 94.5 61.75 32 19.75 14.5 11.5 10.5 9.5 9 9.75 11 10.75 10.5 11.5 14.75 20.75 32.5 54.75 80.5 100.25 118 122.75 106.75 92.75 89.5 88.75 97 123 139.25 130 128.75 140.25 144 143.75 146.75 151.75 160.5 166.5 157.25 147.25 157.75 180.5 194.75 200.5 
26.25 26.25 26.75 27 26.25 24.75 23.75 23 21.5 19.5 17.5 16.25 15.25 15 15.75 14.5 10.75 7.25 6 6 6.25 6 5.5 8 19 32.25 35.25 36.5 58.5 96.25 113.5 104 87 74.25 73.25 77.75 78 77.75 81.75 86 86 82 93.75 123.75 124.75 82 41.5 23.25 15 11.5 10.25 10.25 10.75 10.75 11.75 12.5 11.5 12.25 15.25 20.5 29.25 36.5 38.5 47.75 72 93.25 93 74.5 63 65.5 68.25 79.5 103.25 117.25 114 110.25 111 107.75 108.25 124.75 148.75 166 171.25 169.5 164.5 147.25 127.75 121.75 125.75 122.25 109.5 116 
24 25.75 27.25 27.25 26.5 25 22.75 20 17.25 14.5 12.25 11.25 13 15.75 17 16.75 15 12.75 9.75 7.25 6 5.25 5 5.5 7.25 10.75 15.75 20.75 26.5 40.75 57.75 65 64.25 60 56.75 54.25 51.5 55.5 69.25 77 71.5 68.75 70.25 69 70 80 84.75 66.75 39.5 22.25 15.75 12 9.75 9.75 10 10.25 10.75 10.75 10 10.25 12.25 18.5 30 41.75 52 59 59.5 56.5 55.25 60.25 67.25 70.25 77.25 87.5 96.75 103 106.25 124.5 147 147.75 135.5 122.75 105.75 95.5 105.75 125.25 150.25 184 207.5 204.5 189.5 174.25 
19.75 17.75 16.25 15.25 14.5 13.5 13.75 15 14.75 13 10.5 7.75 6.5 6.25 7.75 11 13.25 13.75 16.75 28.25 53.25 78.75 83.5 79.75 86.5 95.25 93.5 89 96 109 107.25 90.25 78.25 76.5 78.75 81.25 84.75 75.75 50 27.75 16.5 12.5 11.25 11.25 11.25 11.25 11.5 11.25 11 10.75 11.5 14.25 18 24.75 38.75 59.75 81.25 89 81.5 82 97.75 114 115.25 102.25 97.25 109 124 128.5 120 111.75 114.75 127 136.5 137 136.5 134.5 134.25 135.5 127.25 115 110.75 111 113.75 126 140 144.5 143.25 137.5 129.75 133.75 148.25 159.75 
15 14.5 14.75 16.25 17.75 17.5 16 15.5 15.25 14.5 12 8 6 7 9.75 12.5 15.25 18 24.5 41 67.5 96.25 108.5 94.75 75.25 67 64 60.25 58.75 63.25 66.75 66 65.5 61.5 59.5 71.25 74.5 52.25 28.75 18.75 14.25 12 10.75 9.75 9 8.25 8.75 9.25 10 11.5 15 20.5 30.25 49 70.75 85.5 97 105.25 99 84.5 74 67.25 63.75 65 73.25 85.75 90.75 81.5 69 68.5 83.25 109 129.5 134.25 126.5 115.25 119.25 134.75 148.25 158.5 155 134 117 115 110 95 89 95.75 103.25 112.75 126 141.75 
25.75 24.25 25 26.5 28 28.75 27.5 25.5 24.25 23.25 20.5 16.5 13.25 12.5 14 15.25 14.75 13.5 12.75 12 10.75 9.25 7.25 5.25 5 6.25 9.25 14.25 19.25 22.5 36.75 66 78 74.25 77.25 88 99.75 101.75 97.25 110.25 136.5 142.5 126.25 105.75 92 76 67.75 80.75 93 73.5 39 21.5 15 12.25 11 10.75 10.75 11.25 14.25 15.75 16.25 18.5 21 29.75 44 54 62 71.5 77.75 73 60 59.75 67 77.5 100.75 119.75 114.75 105.75 115.25 116.75 100.75 88.75 95.75 123.5 156.75 172.25 170 174.5 190.75 204 195.75 175.75 
22.75 23.25 24 22.25 20 19.25 18 17 18.25 19.75 18.5 15.5 11.75 10 11.75 13 12.25 10.5 8.75 7 7 8.25 10.5 23 52 86.75 116.25 130.5 115.5 92 84 82.75 79.75 71.5 66.25 74 86.75 90 78 61.5 50 46 55 81.25 104.5 88 48.25 24.5 15.5 11.75 11.75 12 13.5 13.25 11.75 11.75 12 14.75 20.75 35.5 61.25 87.25 102.25 98.5 89.25 87.75 90.5 98.5 97.5 85.5 89.75 99.75 95.5 85.5 81.5 87.5 99.5 120.5 135.5 121.5 92.25 75 71 75 96.5 131.5 156 159.25 157.75 148.75 125.25 115 
14.75 13.25 13.5 13.75 12.25 9.75 7.75 7 6.5 5.5 6 8.25 12.75 22.75 39.5 62.75 86.5 99.5 98 87.5 76.75 82 101.25 105.75 88 71.25 66.75 64.75 59 49.75 48 68.25 89.25 73.25 40.5 22.25 15 12.5 11 10 9 8.5 9.5 12 15.75 16 14 18.25 33.5 51.25 64.5 87.25 119.75 129.5 117.25 106.75 97.25 86.75 78.25 79 93 119.75 139.25 134.5 132.25 140.5 140.75 131.75 115.25 109.25 120.5 132.5 141 142.25 129.25 114.25 106.75 103.5 111.5 132 138.25 116.5 103.5 122.25 141.25 137 131.75 143.5 157.5 153.75 132.75 117.25 
16 16.25 15.5 14 12.5 11.75 11.25 11 10 7.75 6.75 7.5 10.5 19.5 31 45.5 72 93.25 92 90.25 105.75 112.75 106 103.75 97.5 86.5 77.75 74.75 76.5 78 78.25 89.25 115.25 123.75 94.75 55.5 32 20.5 15.25 14.5 13.5 12 12 14.75 24.25 36.5 35 25.75 29.5 55.25 93 106 85.75 63.75 63.75 90 123.25 137 134.25 129 115.5 96.75 86 89.25 106.5 128.75 142.75 147.75 146.25 145 159.25 178.75 179.75 159.75 149.5 166 189.5 203.5 206.25 194.25 163.75 140.75 139.5 135.25 117.75 104.75 101.25 102.75 109 119 139.25 166 
17.25 15.5 14.5 15.75 17 16.5 16.75 18.25 18.25 15.75 12.25 9.25 7.75 6.75 7.25 10.25 17 34 59.25 81 94.5 104.75 109 112 120 125.5 119.25 105.25 97 96.75 96.75 94.75 85.5 63.25 60.5 93.5 116.25 87.5 44 23.5 15.5 12.75 11 9.75 9.25 9.25 11.75 16.25 20.5 22 22.25 28.25 50 85.75 104.75 102.5 106.75 113 107.25 92 87 93.75 91.5 81.25 71 65.5 68.5 73.75 68 56.25 55 67.5 82.75 95.25 103.25 110.75 121.75 121 119 134 154 166.75 153 120.75 98.25 96.5 113.75 119.25 109 105.25 106 108.25 
24.25 24 23.75 22.5 20.5 18.5 16.25 14.75 14.75 15 12.75 8.25 5.75 5.75 6.5 6.75 6.75 10.5 18.5 26.5 35.75 61 109 149.75 151 123.25 91.25 74.75 78 82 88.5 100.25 105 98.25 81 68.75 75.75 104.25 122 95.25 54.5 33.5 23 15.25 12.25 11 10.25 10.5 11 10.75 11.25 13.75 20.75 36.5 57 73.5 85.75 99 111 113 101.5 92.75 98 99.5 99.25 117.25 138.5 148.5 158.75 156.25 123.25 92.75 92.25 109.25 126.75 140.25 158 177.75 182.75 160.5 126.75 102.5 85.5 72.5 70.25 79.25 95.75 116 123.5 109.5 94 91.5 
16 15.75 15 14.5 15.75 17 15.75 12.25 9 7.75 7 6.25 6.25 8.5 15.25 25.25 33.75 40.75 54 74 91 94.75 83 69 62.25 56.5 53.75 58.75 65.5 66 60.25 61.75 69 76.25 92.5 91.25 58.25 30 19.75 15 12 10 9 9 9.25 12.5 16.5 16.25 14 15.5 22 35.25 54.75 80.5 108.75 129.75 136 134.5 132.25 125.75 118 109 98.25 97.75 113.25 133 139.75 137.75 141.75 135.75 115.25 115.25 131.75 129.75 117 114.75 127.25 138 130 115.25 112.5 120.5 127.75 124.25 114 117.75 138.25 158.25 163.75 152.75 137.75 117.5 
16.5 15 14.75 14.75 14 14.5 16.25 16.5 14 10.25 8 7.5 7.25 9.25 17 30.75 48.25 67.25 81.75 82.25 70.25 64 80.25 114 141 142.5 128.5 111 91 81.75 83 79 79.25 93.75 109.25 111.5 95.5 64.75 35.25 20 15 14.5 14 13.5 14.5 15.75 16 14 15.75 28 56.75 100.25 135.25 141.5 126.25 123 139 141.5 121.75 92.75 68 62.5 77.25 88.25 78.25 68.5 77.5 95.5 96.75 84.5 90.5 109.25 119.25 114.75 107.75 129 171.5 184.25 163.25 153.75 159.25 148 119 105.25 118.75 127.5 115.25 107.5 113.5 114.25 109.25 101.5 
25.25 24.25 23.5 25.25 27.75 28.25 27.75 27 25.25 23.25 21 17.5 14.25 12.5 13 15.5 16.25 14.25 12.75 13 12.25 10.5 9.75 8.5 7 7.5 13.75 28.5 53.75 80.25 88.75 75.25 59.5 63.5 83.5 96 103 116.5 123 114.5 108.25 104.5 89.5 71 64.25 70.75 78.75 93.5 103.75 78 41.5 24 16.25 12.75 10.25 9 8.75 9.25 12.5 17.5 21.75 22 23.5 40 78 106.75 97.5 86.5 101.25 122.5 137.75 144.5 142 125 104 89.75 78.75 75 78 93.75 124.25 153.25 164.5 146 122.75 128.5 141.75 133 114.75 105.25 98.5 93 
25.5 23.5 21.5 19 16 14.5 15.25 16.75 17.5 17.25 16.75 15 11.25 8 6.5 6 6 6 7.75 11.25 16.25 27.25 52.25 85 110 123.5 122 106.5 89.25 79.25 77.25 83.25 90.25 93.25 95 89.75 83 83.25 86 82.25 64.75 42 25.25 16.75 13.25 11.5 11 10.5 9.5 9.5 11.25 12 12 16.25 28 43 55.75 70.5 87.75 98.5 98.25 90.5 88.5 98 104 110.75 137.75 169.25 177 162 135.25 109.75 107.75 127.5 141.5 143.25 141.25 135 126 118 110.25 97.75 79.5 65.75 64.25 70.5 84.25 111 143.25 154.25 134 111 
20.25 17.75 15.75 14.5 13.25 13 13 10.5 7.75 6.75 6.75 6.75 6.5 7.5 11.25 18.25 25.75 30 38.5 60.5 85.75 93.5 77.5 59.5 63.25 78.25 83.5 79 69.75 64.5 68.5 71 67 76.5 98 93.75 62 34.5 21.5 15.75 13 12 11 10.5 10.75 10.25 11.25 13.25 13.75 17.25 31.75 52.25 63.75 70.5 82.25 94.25 101 97 83.5 72 68.5 75.75 93 115.5 133.5 133 117.75 102.25 94.25 85.5 81 100 134.25 154 143 127.75 130.25 125.25 107 88.75 73.5 70.5 77.75 87.75 105.75 118 114.25 105.5 95.5 89 85.25 80.5 
21 19 17 15 14.25 14.25 12.75 9.5 6.25 5.5 6 6 6.25 6.5 6.5 7 10.75 15.75 18.5 25.25 38.75 55.5 75 88.75 88 81.5 76.25 67.5 67.25 82.75 85.75 71.5 68.75 86.5 112.5 125.5 100.75 56.75 31 21.25 16.25 13.5 12.5 12.25 13 16.5 19.75 17.75 13.75 19 36.75 56 72 87.75 105.5 128.75 143.25 133.5 123.25 134.75 144 141.25 154 183 201.5 193.75 159.5 120 97.5 99.75 121 142.75 159.75 171.25 170.75 154.5 126 93.75 73.25 68.25 70.5 83.75 104.5 129.75 158.25 166.75 147 130.25 128 119 103.5 103.25 
18.75 16.25 14.25 13.5 13.25 13.5 12 8.5 7.5 7.75 6.75 6.25 7.75 11.5 16.5 23.75 38.25 64.5 95 112.25 113.75 108 98.25 85.25 68.25 63.25 73.25 75.5 74.75 70.25 57.5 55 78 112 110.25 68.5 35 22.75 17 14 12 11.75 11 9.75 11 13.25 13.25 14.75 23.25 39.75 61.5 78.25 82.25 83.5 96.75 103.5 97.25 96.5 109.75 122 109 103.25 132 162.25 171 159.25 138.5 136 153 168.25 166.5 159.75 169.5 192 203.25 184.75 154.75 130 106.25 96.25 103.25 121.25 150.75 171.75 164 146 144 145.75 134.5 114.5 104 101.5 
19.75 16.5 14.25 13.5 13.5 12.75 10.75 8.25 7 7 6.5 6 7 10.75 16 21.25 33 59.75 87.75 91.5 78.5 72.25 74 78.25 82.25 85.5 90.75 93.75 88.25 74.25 55.5 51.5 77.75 111.5 115 82 44.75 25 17.25 13.5 11.5 11 10.25 9.75 12.25 14.75 14.5 13.5 15 23.75 40.75 59.25 72.75 91 114.5 124.25 121.25 118.25 114 109.25 110 115.75 127.5 144.25 152.5 147.25 145 154 154.75 138.25 135.75 159.75 175.25 172.5 169.75 163.25 148.25 132.75 116.75 105.75 111 124 128.25 122.5 116.25 122.5 141 157.25 159.75 147.25 134 125 
19 16.75 14.75 12.25 12 14 15 12.75 8.75 6.75 6.75 6.75 6.75 7.75 12 23 42.25 61.5 73 85.5 102.75 117 114.5 100 82.5 70.25 72.5 82.5 85.5 69.25 50 44.25 56.5 92.5 130.25 127.25 82.5 41 23.75 16.5 13 11.75 10.25 8.75 8.25 10.25 12 11.75 13.5 19 28.5 40.75 55.5 68.75 85 111 133.75 137.5 116 97 105 120.75 130.25 145.5 155.25 145.5 134 127.5 121.25 113.5 107.75 114.25 130.5 142 150 157 150.5 127.75 100.75 81.5 80.25 99.5 117 120.25 115.75 118 135.75 151 156 154.25 146.5 138.5 
18.25 15.5 14 14 14.25 12.75 9.75 7 6.25 6.5 6 5.25 6.25 9.75 18.25 29.25 42.5 61.5 80 97.75 118.25 124.25 108 90.5 80.5 77.75 78.25 74.75 72.75 83.5 101.25 111.25 109.25 100 87 63.75 36.75 21.75 17.25 15 13.5 13.25 12 10.5 11.75 13 12.75 13.5 17.75 25.25 42.25 73.75 108 124.75 127.25 124.75 107.5 84.25 72.75 79 101.75 128 149.5 150 126.75 108 89.25 68.75 65.25 74 83.75 88.75 87.25 84 88.25 99.25 108.5 122 141.75 145.5 125.25 103.75 94.25 90.5 98.5 120 134.5 130 123.5 127.5 136 152.5 
21 19.75 18 15.75 14.25 14.25 12.75 9.25 6.75 6 5.5 4.5 4.5 6.75 11.75 21 37.25 59 79.75 88.25 88.25 89.75 81.25 71.5 74.75 76.25 78.25 89.75 88.5 77.75 69 55.25 51.25 67.25 92.75 101.75 75.75 39.5 21.75 15.75 13.5 12.75 11.5 10.25 9.5 10.5 13.25 12.75 10.25 14 25.5 44.5 67.25 89.75 107 108.25 95 90 93.75 87.5 81.25 84.25 95.75 108.75 107 105 111.75 96.75 73.25 71 78.5 81.25 73.5 62.25 57.75 61.75 64.75 61 65.75 90 107.75 106 112 116.5 101 85.25 77.5 73.5 71 76.75 100 126.25 
19.25 17 15.5 14.5 13.5 13.75 14 11.5 8.25 6.5 5.5 4.75 5.75 7.75 10.5 14.5 21.75 38.25 63 84.25 89.5 87 92.25 101.5 102.5 92.75 82.25 81 85 86 83.75 78.75 73.5 78.75 98.25 103.25 75.25 41 23.5 16.75 13 11.5 11.25 11.5 12.25 12.25 12 14 18.5 25.5 31.75 33.5 40.5 65.75 92 104.5 114 119.25 110 98 97.75 99.5 100.25 112 117.5 104.5 102.25 109 111 120 131.25 130.5 120 112.75 114.75 122 128 139.5 164.75 184.5 178.25 162.5 162.25 174.25 177.25 159.5 147.75 169.5 196.5 196.5 180.25 162.75 
27 26.25 25 23.5 21.5 19 16 13.25 11.75 12.75 15.75 17.75 17.25 16 13.5 10 8.25 8 7.75 7.75 8.75 8.75 9.5 13 19.25 25.5 29.75 40.5 64.25 93.75 113.5 115 107 96 84.75 84 97.5 109.75 101 83 74.5 73.25 76.25 72.5 54.75 34 22 16.75 13.75 12.5 11.25 11.75 15.75 23.25 26 22 24.25 33.75 39.75 44.25 51.5 58.25 63.75 70.75 80.75 95.5 111.25 116.5 111.75 108.25 115 121 111.75 104 108.25 110.25 110.75 118 121.75 117 113.25 114 120.25 133.25 145.25 153.5 159.75 163.25 166.75 163.75 148.75 136.75 
24 23.75 21.5 18.75 16 13.5 12 12.5 13.5 12.25 9.25 7 6.5 7.25 8 9 11.75 15 21.25 32.25 52.75 79.5 101.25 105.75 97.5 95.75 97 110.75 144.5 168.5 156.25 116 81.25 73 76.25 74 72.25 68.25 49.75 29.5 19.5 15.25 14 12 10.75 11.75 13 14 15.75 17.75 18.5 18.75 22 34.5 53 65.75 81 106.75 127.75 140.25 149.75 152.25 143.75 133.75 139.75 151.75 148.25 137.75 124 117 124 129.75 142 159.75 174.25 176.75 171.75 185.25 202.75 192.25 160 144.5 159 175.5 171 162.25 169 173.5 164 157.25 163 173 
27 26.75 26 24.75 24.25 24.25 22.75 19.5 16 14.75 15.25 15 14.25 12.75 11 11 11.25 9.75 7.75 7.5 9 10 10.25 11.75 15.25 21 35.75 63.5 85.5 88 86.25 86.75 81 78.75 87.5 93 85.5 76 78.5 84.25 79 71.25 74.25 72.75 51 28.5 18.25 14 12 11 10.75 10.75 11 12 15.25 17.75 16.25 17 28.75 47.5 58.5 54 48.5 67.75 111.75 151.75 164 149.5 129.25 115.5 107.5 108.75 119.5 122.25 111.75 113.25 141 162.25 151.75 133 129.25 138 149.75 157.5 159 165 170.75 164.25 149 140.5 141.75 140.75 
19.75 18.25 17 15.75 15 15.25 14 10 6.5 5.5 5.5 5.75 6.5 7.25 8.25 10 13.75 18.5 26.5 44.75 72.5 88.5 88.25 99.25 125 125.75 90.75 66 67 81.25 90.75 78.25 60 52.25 58.5 81.75 98 76.5 39.25 20.25 14.75 12 10.5 10.25 10 9.25 9 10.25 14.25 19.75 25.75 31.75 33.75 35.75 47 70.5 97.75 115.5 127 142 164.5 180.75 169.25 141.5 130.75 135.75 127 119.5 137.75 146.5 134.5 134 151.75 168 155.5 125.75 115.25 128.25 149.5 169.5 185.5 193.25 190.25 182.75 167 138 118.75 128.75 158 184 184.25 166.75 
24.5 23 20.75 18 15.5 12.75 10.5 11.25 14.5 17 16.75 15.75 13.25 10.25 8.75 7.75 7.25 6.5 6.25 7 9.75 12.75 20.5 37 56.25 85.75 109.5 100.5 84.25 95.75 116 112.5 99.5 96 98.5 99.5 98.75 98.75 93.75 80.25 70.25 64.5 46.75 28.5 19.75 14.75 13 12.75 12.5 11.75 12 13.5 13.75 13 14.75 17.5 20.75 27.25 36.75 49 68.25 96.75 116 114 108 101 93.25 100.5 115.75 134.25 144.5 129.25 108.25 101.25 106.5 113.25 121.25 141.75 169 170.5 147 137.75 145.25 162.5 182 180.5 162.5 137.75 118.5 119.25 127.5 128 
16.25 15 14.5 14.25 13.75 14.75 17 17 14 10 7 6 5.5 7 10.25 13 18.5 27.75 41 56.5 73.75 95.5 110.75 114.25 122.5 133.25 139.25 139 125.25 104.75 98.25 100.25 89 75 70.25 76.5 74.75 48.75 26.25 18.75 14.5 12.5 11.75 11.5 11.75 11.75 11.5 12.5 15.25 17.75 22.5 33.25 44.75 51.25 55.25 74.5 111.75 131.5 124.75 121.25 133.75 143.25 126.75 99.5 100.75 125.25 137 133.75 132 136.5 138.5 146.25 172.75 186.5 166.75 145.75 143 143 137.5 124.25 114.5 118.75 126.75 134.5 153 178 177 158.5 160 177.5 193.75 197.75 
24.5 24 21.5 19 16.5 14 12.75 13.25 13.25 10.5 7.75 7.5 7.25 6.75 7.5 8.75 11.75 16.25 20 25.25 37.5 59 76.25 81.5 85.25 89.5 93 93.75 89 83.75 87.5 102.5 114 116.25 111.75 91 71.5 77.25 77.75 52.25 28.5 18.75 14.25 13 14.25 14 13.5 14.5 15.25 19.25 28.75 36.75 39 38.5 38.25 40 52 77.25 103.5 124.5 134.5 132.25 133 136.75 132.75 124.25 112.5 97.75 93.5 106.25 121 140.25 171.25 181 167.5 174.5 194 195.5 179.75 163.5 168.75 190.5 203.5 203.25 196 176.75 163 175.5 192 190.5 175.5 155.5 
27.75 27.75 26.75 24.5 22.5 20.5 17.5 14.25 11.5 11 13 15 15.25 14 12 10.25 9 7.75 6.75 6.75 6.75 8.25 10.75 12 18.5 38.25 64.75 82.25 86.75 88.25 88.25 87.25 89.5 93 99 103.25 98 92 88.75 79.5 66.5 56.75 57 57.75 43 24.25 15.25 12.5 11 10 9.5 9 10 12 12 11.5 15 20.25 27.5 39.75 48.75 56.5 82.5 123 145.25 141.25 131.25 118.75 107.75 114 128.75 133.75 124.75 109.75 109.5 125.5 135 141.5 149.5 148.5 152.25 163.25 168.25 163.5 154.5 155 162.25 160.5 149.75 144.25 146.5 145 
23.75 21.75 20 17.5 14.25 12 12.5 14.5 15.5 15.25 14.25 12 10.25 10 9.25 8.25 8.25 8.5 9.25 12.5 20.5 33.5 46 55.25 67.5 77 76 77 91 106.75 111.5 115 121 119 111.25 99.25 77.25 54.5 47 55.25 57.25 41.25 23.25 15 12.5 12.25 13 14 14.25 13.75 17 20 19 19.5 25.75 39.5 53.5 56.25 53.75 58.5 79 106.5 115.75 102.75 88.5 91.75 107.75 126.25 142.75 144.75 129.75 110.5 101.25 115 133.75 132.5 127.75 142.75 165.5 166.25 151.5 152.5 167.25 175.25 170.25 167.75 175.25 166.25 141.25 136.75 158 174 
19 16.75 14.75 14 14.5 14.25 11.75 8.5 6.5 5.75 5.25 5.5 6.75 10.25 14.5 18.25 28.75 50 70 76.75 77.25 78.25 80.5 82.5 80.75 81.25 87.5 92.5 81.75 60.25 48.25 45 42.5 44 49 51 43 28 16.75 12.25 11.75 10.75 10.25 10.75 11.25 11.5 12.25 15.25 20.5 25.25 30.25 38 46.5 58.5 82.75 120.5 153.25 166.75 167.25 155.75 130.25 104.75 94.5 102 111 105.75 101.5 114.75 131.5 142.5 153.25 165 176 186.75 193 188.5 170.5 148 155.25 183.75 197.5 200.5 195.75 186.5 186.5 186.5 175.5 168.25 171 172 164 141 
25.5 23 21 18.5 15.5 12.75 11.5 13 15.75 17 16.5 15.25 12 9 8 7.25 6.5 6 6.75 8.5 11.25 17 25.25 35.75 52 72.5 80.5 75.25 80.75 94.5 104.5 112.25 115.75 123.75 128 119.5 114.75 100.75 78.25 74 81.25 73.75 47.25 26.5 18.5 14 12 11.75 11.5 10.75 11 12.5 13 12.25 14.25 22.75 39.5 59 69 80.5 115.5 145.25 139.25 127.25 132 138 143 158 170 162.5 142.25 123.75 112.5 108.5 110.5 110.75 105.5 111 129.75 144.5 146.25 145 151.25 168 186 193 202 205.5 193.75 185.25 194 211.25 
20.5 17.75 14.5 12.5 11.75 13.5 15.75 15 13.5 12 9.75 8.5 8.5 7.5 6.75 7 7.5 9 11 15.75 29 52 67.5 66.25 71.5 95.75 114.5 106.25 91.5 81.25 73 75.5 85.25 90.5 88.25 81 67.25 64.25 72.75 66.5 44.25 26.5 18.75 15 12.75 11.25 11.25 10 10 14 15.75 13.75 15 22.75 33.75 50 65 69.75 82.25 107.75 133 148.5 143 117.5 101.75 111.75 122.5 125 120 100.25 87.25 104 133 145.25 138.5 132.75 142.75 157.25 157 152.75 161.5 171.5 170.25 171.75 188.75 200.75 188.25 163.5 137.75 113.25 104.75 124 
22.75 20.5 17.75 15.5 13.25 11.75 12.25 13 11.75 9.25 7.5 6.25 5.75 7.25 12.25 18 21.75 29.25 43.75 59.75 72.75 88.5 104.75 111.25 106 94.25 82 87 99 89.5 72.75 58 53 58.75 59 56 53 42.25 28 18.25 14.5 13 10.5 10.75 11 11.5 12 13.5 19.75 24.5 25.25 28.75 49.5 78.75 81.75 76.25 97.75 127 137 120.75 98.25 101.75 125.25 144 147.75 139 120 105.75 107.25 109 112.25 134 158 158.5 144.5 145.75 165.25 174 158 125.25 109 138 180.75 190.75 180.25 178.25 193 207.75 204.75 188.25 173.75 165.5 
