9.25 10 11.25 12 11.75 11 9.75 8.5 8 8.5 9 8.25 6.75 5.5 5 4.5 3.75 3.75 4 4.5 7.25 13.75 26.25 38.75 41 37.5 36.75 37.75 40 40.5 38.5 36.5 33.5 30.5 29.5 29.25 26.75 21 16.25 22 37.75 49.75 45.25 28.75 16.25 10.75 7.5 6 5 5 7 11.5 16 19 23.75 31 35.75 37.25 38 41.25 46.5 51 54.25 51.75 47.75 45.25 41 41.75 50.25 49.75 42 40 35.5 29 29.25 32.75 35.5 40.25 47.25 51.75 49 41 38.25 40.25 36.5 35.25 40 41.5 43 48.5 54.75 53.75 
11.5 11.5 10 8.5 8 8.5 9.25 9.25 8.75 8.75 9 8.75 7.75 7 6.75 5 3.25 3.5 4.5 7 13 23.5 33.75 37 38.5 44.25 53.5 65.25 69.25 62 56 55.25 55.5 51.75 45.75 44.25 42.75 36.5 33.25 40.25 47.25 41.25 27.75 16.25 10.25 8 6 5 5 5.25 5.75 6.75 9.75 16.5 26 35.5 42.75 44.75 43.5 43.5 46.25 47 43.25 41 41 38.5 34.75 36 43.25 52.75 57.25 51 41.5 40.25 47.75 55.25 52.25 44.25 41 40 39.5 37 28.5 21.25 23.75 33 37.5 33.25 31 38.25 51.25 57.75 
10.75 11.5 11.75 11 10.25 9.5 8.5 7.75 7.75 8.25 9 9 8.25 7.5 7 5.75 4 3.75 4.5 6.5 12 24.5 41.25 50.75 50.25 50.25 55.5 59.5 61.25 66.75 69 63 59.25 60.25 59.5 56.25 56.75 62 64.25 54.5 41.25 35 27.5 18.25 12.75 10 8.25 7.25 6.5 5.75 6.25 7.5 11 18 22.75 22.75 24 26.25 26 28.5 32.25 34.75 41.5 47.75 47 44.75 45 47.25 49.75 49 49 56.75 64 64 65 65.5 59.25 52 47.75 42.75 36 34 40.5 47.75 49 46.5 45 44 43 47.75 54.75 54 
12.75 12.25 11.25 11.5 12.75 13 12.75 13.25 12.5 10.5 9 8 7.5 7 6 5.25 4.5 4 4.5 6 10.25 20 35.25 55.5 73.5 73.25 62 57.5 59.5 62 61.5 57.5 56 64.5 69.5 59.5 46.25 46 59 65.25 55.5 39.25 25.75 16.5 11.25 8.75 7 7 8.25 8.75 8 7.75 10 16 27 43.25 57.5 60.5 52.5 46 45.75 46 46.25 46 42.75 39.75 42.25 45 48.5 59.5 73.75 85.25 79.5 72 80.5 79 63.25 49.75 45.25 45 48.5 61.75 66.5 60.25 59.25 62 62.5 62 62.75 60.5 56.25 56.25 
11.75 11.5 10 8.5 8 8.5 9.5 9.5 8 7 6.5 5.5 5 5 4.75 4.25 4 4 4.5 6.5 10 17.5 32.25 50.25 60.5 62.5 66.5 70.5 70.75 70 69.5 67.25 60 49.5 41 38.5 41.25 45.75 52 57.5 52.5 37.5 23 14.5 10.5 8.5 6.5 5 5.75 6.75 7.5 8.5 8.75 8.5 11.5 20 31 38.5 43.25 49 53.5 51.5 44.5 40.5 40.5 39.75 37.25 36.75 39.25 41 42.25 47.75 52.75 48.25 38 32 35.75 42.5 43.5 41.25 41.25 43.5 43.75 43.25 44 45.5 57.5 84.75 93.5 73 56 52 
15.25 15.5 14.75 13.75 13 12.25 11 9.5 8.75 8.25 8.25 8.75 9.75 10.5 10.5 10 9.25 9 8.5 6.5 4.75 3.75 4 6.5 8.75 12.25 20.75 30.5 35 38.25 45 54.75 64.25 67.75 67 65 59.75 50.5 42 39.5 42.5 49 59 65.5 57 39 24.5 15.5 11 9 6.75 5.25 5.5 6.5 7.5 9 10.75 12.25 17 26.5 35.5 42 44.5 40.5 37.5 43.5 45.5 41.25 43 47 47.75 46 45.75 44 38 32.25 37.5 56 64.75 56.75 52.75 56.5 55.75 47.25 37.75 38.5 48.75 53 48.5 44.25 45.25 51 
14.25 14.5 14 14.5 15 14.5 14 13 11 9.5 9 9 8.5 7.75 7.5 7 6.5 6.75 6.75 7 7.25 7.5 8 6.5 4.5 4 4 4.5 6.25 9 13.75 20.25 26.75 31.25 35.25 40.5 44.25 45.75 46.5 45.5 44.5 45 44.25 43.75 45 46.5 45.5 44 37 18.5 6 5 5 5 5.25 5.25 6 9.25 16.5 29.25 39 40.25 40.5 44 47.5 46.75 43.25 41.75 38.5 26.75 14.75 10 8 7 7 7 6 6.5 8.5 8 8.5 10 12 15.25 18.75 29.75 39.25 41.5 40.75 39.25 41.5 45 
14 14.5 15 14.5 14 13.25 11.75 10.5 9.75 9.25 8.75 8.25 7.75 7.25 6.75 6.5 6.75 6.75 7 8 8 6.25 4.25 3.5 4.25 6.5 10.75 18 26.5 33.5 39.25 44.25 45.25 44.25 45 45.25 47.5 53.25 57 57.25 52.25 45.25 42.25 40.25 37 37 41.5 43.75 39.25 27 15 10 8 7 6.75 6.75 6.75 6 6.75 8 8.25 7.75 7.75 9.5 10.75 12.25 14 13.75 14.5 17.75 21.75 27.5 34.25 39.25 41.5 39.25 35.5 34.25 36 41.75 42.25 42.5 48.75 54.25 61.75 72.25 74 62.25 50.25 41.25 34.25 41.5 
6.75 6 5.75 6.5 7.25 7.25 6 4.5 4 3.5 4.25 7 11 20.25 33.5 43 46.25 48.25 49.25 49.75 54.75 60.25 61.25 57.5 52 47.25 43 40.5 41.25 46 54.75 58.25 48 33.75 23.25 14.5 9.75 8 6 5.75 7.25 7.75 7.25 6.75 6.25 6.25 8.5 12.5 19.75 26.5 26 18 10.5 9 10.25 14 22.25 36 49.5 57.25 54.75 46.5 41.25 41.75 48.5 54.25 51.5 44.25 41 42 44.75 47 45.25 39.75 35.75 37.75 44.75 49.25 49.25 57 72.25 81.75 81.5 77.25 68.5 54.75 45 42 44.75 47.75 45.25 41.75 
14 13 11.5 9.75 8.5 8 8.5 9.25 9.5 9.5 9.25 8.5 6.5 4.5 3.5 3 3 3 3.75 5.75 8.75 14.5 27.25 42.5 53.5 60.25 59.25 51.5 44.25 40.25 39.5 42 44.75 46 46.75 44.75 42 41.5 42.5 41.25 33.25 22 13.5 9.5 7.75 6.5 6 5.5 4.75 5 6.25 6.75 6.75 9 15 23 29.5 36.25 44 48.25 48.25 45.25 44 48.5 51.25 53.5 69.75 95.25 103 88 67.25 52.5 52 62 69.75 71.25 69.75 66.75 62.5 57.5 53 47.75 40.25 34.25 33.5 36.25 42.25 54 73 80.75 66.5 53.25 
