-0.0137447 -0.0194393 -0.0075303 0.000301272 0.000203378 -0.000501086 0.00259326 8.60069e-05 -0.000488725 0.00131655 0.000417501 -0.000367693 -0.0017183 0.000475577 -0.00199629 0.00136206 -0.000481632 
0.00509356 -0.0209194 -0.00145216 -0.000229593 -0.00044993 -0.000582166 -0.000384706 -6.78271e-05 0.000191972 -0.000284656 9.92309e-05 -0.00317533 -0.000879216 0.00015218 -3.29621e-05 -0.00161721 0.00050129 
0.00411431 -0.0238431 0.000872275 -0.00203217 0.00255661 -0.00201608 -0.00210545 0.0021441 0.000386564 -9.3037e-05 -4.00417e-05 0.000825139 -1.15368e-05 -0.000997493 -0.00103459 0.000390368 -0.00151636 
-0.0294001 -0.00753719 -0.0104619 0.00595775 -0.00173387 0.000635889 0.00187606 0.00269758 -0.000846423 0.00168394 -0.000381937 0.000732073 0.000890713 -0.000248216 -0.00123843 -0.000875566 2.78419e-05 
0.01658 -0.0179073 0.00519692 -0.00183902 -0.000140085 -0.000430207 -0.000427001 -0.000232224 0.000294559 -0.00145317 0.000547062 0.00401372 0.000167645 -0.000586407 -0.000269456 -0.000559027 0.000340566 
-0.0024032 -0.0151266 -0.00151814 0.00177927 -0.000114685 -0.000177576 -0.0027242 -0.00227453 -0.00069046 0.000834571 -0.000215787 0.000816441 0.000634958 -0.000461287 0.001851 0.00133997 -0.00138211 
-0.0145278 -0.021198 -0.00764579 -0.000397739 -0.000324627 0.00355168 -0.001082 -4.5498e-05 0.000428513 -0.00181167 -0.00248354 -0.000681294 0.000218213 0.000666849 0.00270895 0.00116362 0.00186798 
0.0464061 0.00336359 0.00650518 0.0012106 -0.00122325 0.00120114 -4.77005e-05 -0.00012351 -0.000892491 -0.000303655 -0.000642319 -0.000106012 -0.000671237 -0.000394901 -0.000193746 0.000971648 0.00319784 
0.00251942 -0.0228493 -0.0013704 -0.00216524 -0.00124945 0.00137835 0.000711577 0.00304944 -0.0010537 0.00157992 0.000587972 -0.000483269 -0.000894786 0.00262494 0.000485996 -0.00289141 -0.000790874 
0.0120996 -0.0239095 0.00274812 -0.00367796 0.00125558 -0.00175024 -0.002668 -0.00179325 -0.000512262 -0.000248981 0.00224998 -0.00045837 -0.0010532 -0.000736854 -0.00189946 -0.00104521 -0.000178257 
0.0212315 -0.0141152 0.00335911 -0.000564869 -0.000318419 -0.00244382 0.00375129 0.000585873 0.00244886 0.00279607 0.000261296 -0.000154334 0.00120763 -0.00177696 0.00173637 -0.000684858 -0.00063423 
-0.0161036 -0.0202549 -0.00591631 -0.000882152 -0.00148748 0.000946441 -0.00221765 0.00200752 -0.000127829 -0.00125583 0.000223679 -9.67296e-05 -0.000907056 -0.000598643 0.00156376 -0.001312 -0.00243352 
-0.019337 -0.0127821 -0.00744439 0.00260613 -0.000862341 0.00251714 0.000678496 -0.00376601 0.00134314 -0.000327667 8.37383e-05 -0.000766631 0.00315295 -0.000139349 -0.00124555 0.000937355 -0.00147408 
-0.00947766 -0.0214597 -0.00460013 -0.000874187 0.00146026 0.00132014 -0.00152082 -0.00113325 -0.000254439 -0.000654158 -0.000477977 0.000687367 0.000653191 0.000112159 -0.00244257 0.000147481 -2.42386e-05 
0.000609511 -0.0228838 -0.00216537 -0.00184556 0.00169184 -0.00140468 0.00436416 -0.00102892 0.0017227 -0.00336629 0.000558731 0.000577012 0.000912316 0.00167132 -0.00021736 0.000474647 0.00143019 
0.00768384 -0.0258675 0.000256658 -0.00242717 -0.00309947 -0.00066487 -0.000829654 -0.000473239 0.00256012 0.000879601 0.000204018 0.000866484 -0.000161244 0.000113435 0.00175797 0.00120203 0.00167139 
-0.0632462 0.0397574 0.00978334 -0.0034453 -0.000364171 0.00122277 -0.000235218 0.000872946 0.00112006 -0.000437537 -0.000850638 0.0016259 0.00102121 0.00128741 -0.00133804 -0.000461789 -0.00108439 
-0.0121497 -0.00188292 0.00208016 0.000907947 -0.00171452 -0.00358813 -0.00178557 0.000375393 0.000704388 -0.000194329 -0.00025806 0.00107806 0.00220958 0.00161128 9.87377e-05 0.000179975 -0.000849121 
-0.0485259 0.0127526 -0.00116563 0.00265918 -0.000343043 -0.000562973 -0.00309985 -6.47452e-06 0.00180324 0.00240342 -0.00118404 0.00186078 -0.000404466 0.000202734 -0.000716223 -0.00058401 0.00122791 
-0.0341842 0.000615571 -0.00173711 -0.000174803 -0.000515219 -0.00232435 0.000195943 6.311e-05 -0.00292512 -0.003081 -0.00116605 0.000636612 0.000131849 -0.000419705 -0.000462754 0.00170616 0.000952376 
-0.0552249 0.0209509 0.00117493 -0.00116843 0.00133109 0.000961634 0.00137008 -0.00129591 0.000488718 -0.000112718 -0.0014274 0.00102173 -0.000121178 0.00177114 0.00114209 0.000844065 -0.000850372 
-0.041985 0.00899713 -0.00110288 0.00226768 0.00125328 0.00106689 0.000692838 -4.00407e-05 0.0020471 8.85045e-05 0.00208692 0.000333461 -0.00134062 0.00126883 0.00101304 -7.63527e-05 0.00204419 
-0.02197 -0.00250222 0.000485049 5.17628e-05 -0.00343665 -0.00269863 -1.93987e-05 0.000602709 0.000203132 -0.000514221 -0.000733883 -0.00187533 -0.00133143 0.000172263 2.8103e-05 0.00178713 -0.000374586 
-0.0467249 0.014116 0.000456667 0.00213131 0.0024419 -0.00228183 0.000114706 -0.000693816 -0.000414422 -0.00103343 -0.00063649 -0.00286163 -0.00159034 -0.00208941 0.00158158 -0.000793806 -0.00112997 
-0.0534509 0.0257997 0.00420038 -0.00565616 -0.00259405 0.00329659 0.00160634 -0.000115926 -0.000505767 0.000320396 0.0010743 -0.00150863 -6.23456e-06 -0.00146024 -0.00113374 0.00117041 -0.00136959 
-0.0341229 0.0128728 0.00307153 -0.000665641 -0.00151684 -0.00096436 -0.000546937 0.000153032 -0.00164443 0.000931319 -0.000234974 0.000140717 0.000527775 -0.000446268 0.00327244 -0.000346055 -1.76433e-05 
-0.031763 0.00386092 -0.00121154 0.000564415 0.000416586 0.000939558 -0.000471555 0.0028022 0.00122081 -0.000245444 9.90111e-05 5.40685e-05 0.00156357 -0.00121744 -0.000113438 -0.00264029 4.84531e-05 
-0.0235667 0.00474262 0.00126378 0.00274589 0.00275051 0.0013174 -0.000963265 -0.000430387 0.00395588 -0.000747716 0.00068124 -0.000110794 -0.00335132 -0.000150617 -0.00158376 0.000366228 -0.000167693 
-0.0380921 0.00637099 -0.00164358 0.00247233 0.000798056 -0.001645 0.00282994 -0.000595124 -0.00248344 -0.00092321 0.00227088 0.00234245 5.79424e-05 -0.000891275 0.00053983 -0.000373465 -0.000414186 
-0.0501816 0.0215245 0.00262943 0.00144059 0.000617393 -0.000402952 0.000571625 -0.000435644 0.000297933 -0.00139815 0.000167835 0.000198554 -0.0015011 -0.000446424 8.49424e-05 -0.000288326 -0.000871221 
-0.038297 0.0135075 0.00168248 -0.00187659 0.0035667 0.00125206 -0.000379323 -0.00151557 -0.00113593 0.00152288 0.000756184 -0.00256336 0.0017326 -0.000416326 0.000713107 -4.08623e-05 0.00135987 
-0.0411554 0.0126004 0.00161505 0.000309876 -0.000749811 -0.00162918 -0.000709494 0.000261024 -0.00205502 0.000875267 0.00103408 -0.00132426 0.00235678 0.00161869 -0.00207001 -0.000746486 0.00163169 
0.00697835 -0.0217105 -0.000996215 -0.00109157 0.00125147 -0.00029723 -0.000434959 -0.000215741 0.000894128 0.00122911 0.000333624 -0.00129999 0.00142397 -0.00173053 0.000239879 0.000525748 0.000668527 
0.00723616 -0.027134 -0.00186998 -0.00276521 0.00169654 0.00175949 0.00179065 -0.000169065 -0.00321491 0.00178856 0.00072201 0.00300305 -0.00122893 -0.000155229 0.00119842 0.0010932 0.000500903 
0.054207 0.0155856 0.00159308 0.00219402 0.00300459 -0.000332149 8.26827e-06 0.00272228 -0.00208896 0.00118202 -1.32524e-05 -0.000212464 0.000609854 0.00236487 -0.000120307 0.00271461 -0.000488086 
0.038231 -0.00866396 0.00769494 -0.00103719 -2.05786e-05 -0.00161611 0.00127866 0.000177244 0.000299517 0.00189507 -0.0035444 -0.000435795 -0.000287693 0.000198612 -0.000540443 -0.00123345 -0.000117137 
0.0602656 0.0194728 0.000834124 0.00170916 -0.00154044 -1.21983e-06 0.000743187 -0.00174398 4.39771e-06 -0.00102743 0.00557263 -0.000919539 -3.50743e-05 7.36775e-05 0.00137834 -0.00030433 -0.000754649 
0.0473449 -5.67899e-05 0.00747039 0.00194842 -0.00132946 0.00125884 3.16292e-05 3.71802e-05 -0.00146778 0.000379768 -0.000523189 -0.000993599 0.000763248 -0.000762017 -0.000261467 0.000922703 -0.00196687 
0.0670884 0.042194 -0.0115785 -0.0025084 0.000605321 -0.000303196 -0.00172126 0.00054762 -4.04987e-05 -6.59042e-05 0.000650443 -6.38457e-05 -0.00175574 0.00181675 -0.000136555 -0.000805755 -0.000162457 
0.0519944 0.00979057 0.00447588 0.00168447 0.000504646 0.0010516 -0.000486002 0.00420225 0.00123633 -0.00192457 6.4491e-05 -0.000339341 0.00214748 -0.00167647 -0.000825638 0.00142901 0.00136535 
0.0413284 -0.00501934 0.0070988 0.00109701 -0.00196655 0.000874272 -0.000162354 -0.00163837 -0.000452005 -0.00317596 -0.000626997 -2.29485e-05 -0.000701033 -0.000499017 -0.000283082 -0.00113761 -0.00026882 
0.0418191 -0.00478153 0.00811044 0.00249006 -0.00154387 0.00158749 0.000314699 6.83496e-05 -0.000921284 0.000344672 -0.000938913 -0.00084223 -0.0023728 1.61317e-05 -0.000632516 -3.21637e-05 0.00042685 
0.0535784 0.0125537 0.00337596 0.00249197 0.00290645 0.00133989 0.00011534 -0.00129186 -0.000826251 0.000661078 -0.00161592 0.00134488 0.0010574 0.000221277 -0.000146241 -0.00123042 0.000145446 
0.0673591 0.0428582 -0.0128905 -0.00324545 -2.59393e-06 -0.000875032 0.00128709 -0.000874522 0.000196468 -0.000942535 -0.00173776 0.00063915 0.00143187 0.00107691 -0.000565762 0.000428628 0.000355929 
0.0257795 -0.0114336 0.00384363 0.000603983 -6.99152e-05 0.000657579 -0.00132097 -0.000922294 0.000225148 0.000900441 -0.000235337 -0.000715954 -0.00193498 0.00276627 -0.0002848 -0.00115237 -0.000232825 
0.0600865 0.0289903 -0.0075775 -0.00105468 -0.00160087 -0.000643726 -0.000582476 -0.000532887 0.000968514 0.00201003 -0.000777986 -0.000418361 -0.000613237 -0.00398226 0.000390588 7.57954e-05 0.000270369 
